1.240927350693325382e+00,2.141977833691266930e+00,7.073525563949602635e+00,1.055148441152250349e+01,7.221823025419007447e-01,1.094599894294532483e+01,4.718837803895441496e+00,3.769987027395397039e+00,3.261427378492748108e+00,1.500587750131518838e+01,4.726235924677812505e+00,3.513250139334263888e+00,7.928108442445692683e-01,5.599132266398755498e+00,4.105398701288804908e+00,1.041939224117368745e+01,6.011812001044769538e+00,7.552858662810891133e+00,2.966708137861308714e+00,9.659194085094492621e+00,9.917464024057588645e+00,3.388875647340080732e+00,4.478475804528328830e+00,4.191936611706458926e+00,2.895609405001943415e+00,5.663997284019017364e+00,3.258125526767037705e+00,4.683933990551785165e+00,1.401922309887403806e+01,2.668611979161513048e+00,3.334193442030612076e+00,8.970580224374115730e+00,5.939459996314793599e+00,2.067259441628351180e+00,5.417931843905034128e+00,4.487054361620550047e+00,2.152325515071877859e+00,3.161218611479070795e+00,7.439296294094298823e+00,8.756125186893960688e+00,8.351389388624301802e+00,4.505277976418444297e+00,1.195791547707128366e+01,3.341466748638194151e+00,1.242456843998881233e+00,9.249339159542785183e+00,1.657036301381177967e+00,1.200754177925216304e+01,6.243021811738973526e+00,3.417649624863071889e+00,2.516272000978845735e+00,1.390814297356313789e+00,6.375958034128387908e+00,1.219768750479444774e+00,3.390234515937951443e+00,5.088229586404650284e+00,1.112192605310289117e+01,5.482621661054364992e+00,4.894008166170657148e+00,2.367792709666231676e+00,6.536990909785242110e+00,1.377595713696200974e+01,3.868538402046275859e+00,4.363761577972559813e+00,5.237623653447177396e+00,4.883929270437360692e+00,1.140486362135346710e+00,3.797493662977136530e+00,3.347625997290728073e+00,4.471426220759194159e+00,5.039361225253788490e+00,3.630621940010922089e+00,5.099061274768103225e+00,4.082169544695013919e+00,7.347299916276058163e+00,1.669486484200698229e+00,1.018386413387912626e+01,5.176499898906121722e+00,7.268725838336451694e+00,6.948292686005443031e+00,0.000000000000000000e+00
2.843726154223536362e+00,8.069933833207885598e+00,4.960473251622254054e+00,1.487261121215246007e+01,6.238196624375315302e+00,6.160383967808469308e+00,2.606870618698524211e+00,1.101949516492458203e+00,1.057537679474036096e+01,8.315384298651585127e+00,4.231753255385188872e+00,1.324118895255954698e+01,6.386834094027086905e+00,7.264938837635434687e+00,2.338424819141732947e+00,7.025218375321823139e+00,8.624559282583863506e+00,5.697124282867167544e+00,1.582943355152905873e+01,2.395605262816387526e+00,1.217752079937381104e+01,2.240826815953451234e+00,7.810173437155308207e+00,3.195278028342045218e+00,5.742228566376512688e+00,4.899419945370444118e+00,5.204920604526980910e+00,9.427032472079823755e-01,4.645191758637715829e+00,1.195670758675338163e+01,8.275029310235922919e-01,2.799744648233882138e+00,4.355811825263224080e+00,1.152635497088837546e+01,1.204135502482620090e+01,6.213230243766424188e+00,4.525458512783066212e+00,3.031962948049855555e+00,8.837496723715236868e+00,1.366256558484314887e+01,5.270324753566285381e+00,8.044012600797140422e+00,4.835691429658255380e+00,1.626253039415774637e+01,8.465713718902376783e+00,3.661979574684005811e+00,1.029555482752632933e+01,5.364440047950188806e+00,9.174842991628221256e+00,1.215298804398834953e+01,1.198770224028474551e+00,5.480532762059975305e+00,3.092545038559496806e+00,1.126083910889768447e+01,1.016825585133213572e+01,7.714517939294207594e+00,6.240859454809516649e+00,3.351427260066345504e+00,5.095199123089620308e+00,6.983510507327725492e+00,7.915396738488322370e+00,1.534036266060798681e+01,1.775463881863855065e+01,5.050524935932310555e+00,2.457320057525030244e+00,4.604088462072633448e+00,9.119485395082881141e+00,8.901382133063995283e+00,1.704260606721312143e+01,1.965436688541783994e+00,3.779138603253787032e+00,1.040796843977481068e+01,1.131484053286094671e+01,5.455074067902206281e+00,4.887649400709788594e+00,7.555952530299378189e+00,1.104364760691286484e+01,1.069909196448587885e+01,5.987494810212353968e+00,7.132461190712430010e+00,1.000000000000000000e+00
4.610524056765889611e+00,1.202240865348583831e+01,1.977188385652089053e+01,1.678417526820555850e+01,1.712633746796719336e+01,3.175233053730742494e+00,8.116944078919348105e-01,1.180150333411435248e+01,1.121684422997339681e+01,1.742362763838707806e+00,1.941072682560457707e+01,6.201972922143951905e+00,1.841875776179481061e+00,7.056290072633855104e+00,2.565689905557945405e+00,2.416115759735788515e+00,9.629675583717805409e+00,1.008913228753160851e+01,5.822138508987801053e+00,3.814522429790933700e+00,1.294565885182913867e+01,1.582250090687448463e+01,1.361718767015818088e+01,1.293125932834929159e+01,1.460458365083255039e+01,4.898798317837853133e+00,1.335331107261672834e+01,2.168652391635072263e+01,7.472203979086726733e+00,1.217266407900829073e+01,1.382466061201396812e+01,3.275990798079730038e+00,7.968863486740208835e+00,5.286103817224449664e+00,2.026516473102676130e+00,1.092352333087498018e+01,1.032664681429672271e+01,7.314037595992279428e+00,5.122246213980016449e+00,2.992214644795816003e+00,1.090257333379184423e+01,8.868102364955655403e+00,1.834242080541944375e+00,1.483267860880433098e+01,4.162965549504450635e+00,1.789208961227552575e+00,1.064743097604835320e+00,2.193538823374625579e+01,1.947612447709640549e+01,1.200070463110753494e+01,1.327159125534973860e+01,6.766129401523989451e+00,1.663163667409364388e+00,5.631922271400497060e+00,5.827586077870090975e+00,9.037957148572944632e+00,8.196347725367076009e+00,6.225992682543440182e+00,8.180154950412205750e+00,7.279358039273425618e+00,5.287221722830815374e+00,8.143664021537025732e+00,4.837811053057786026e+00,1.389245754033900759e+01,5.390364314868654638e+00,1.971736461984329614e+00,6.500453758499469714e+00,7.461912457764050544e+00,3.332084150122206267e+00,2.055383190005200866e+00,1.046438494698193900e+01,3.575363898881743552e+00,3.822690216888905645e+00,3.770621500039653462e+00,1.062191695686417781e+01,2.859332596845657992e+00,7.891754254448468231e+00,1.540413964329021290e+01,8.079453349063133061e+00,8.629030030719224698e+00,2.000000000000000000e+00
1.924396932436913232e+01,1.688307187569478174e+01,1.009965213157139452e+01,1.236467967898034992e+01,8.775910085061902066e+00,9.722277877338971308e+00,2.230034779634397069e+01,4.276559321460667640e+00,1.125507661383401548e+01,2.806688231274484302e+00,6.178473596184415939e+00,7.186284695602045858e+00,1.276146614613586827e+01,6.495104382077667715e+00,3.185529355935845430e+01,6.990957147021497953e+00,2.565788091594655818e+00,1.111733445171668500e+01,4.093631218295784358e+00,4.289531319640683016e+00,1.555431210327887825e+01,1.211595132648195161e+01,7.093639392848953840e+00,1.960923993990025949e+01,7.207736257563484905e+00,1.174794749737361954e+01,8.752266116378052629e+00,1.156645684696212051e+01,4.995621650497055199e+00,1.476098469171994765e+01,6.426773211874788672e+00,6.137846394983712095e+00,1.852125408792591088e+01,5.713125835147681464e+00,1.830166578037811931e+01,9.240430199772664110e+00,6.875125032194314478e+00,1.154088419830256562e+01,5.066243853456238178e+00,3.333969059006198776e+00,1.427614072616799845e+01,4.014288618171229395e+00,6.740587280860678376e+00,3.026055368987136340e+00,1.846302657856998763e+01,4.107882306728082966e+00,8.040380995892403959e+00,1.091859458549837569e+01,1.810012776243940280e+01,1.865541188488814939e+01,3.481793336845269948e+01,2.463006861143770010e+01,1.090771945905267160e+00,1.407067760733106887e+01,9.241171872704139645e+00,9.142955633136036653e+00,1.176624830210071160e+01,2.004043786678558092e+01,3.284788673648778357e+00,3.992437719534629448e+00,2.147627500470775441e+00,6.500566711458892755e+00,8.806858576285018003e+00,6.088327105690201968e+00,1.697390759055337384e+01,4.311220321744698047e+00,2.593228278038244294e+00,1.160740892828820670e+01,8.598714776828709105e+00,1.952795983562230120e+01,7.337673235678381367e+00,1.156255268501613109e+01,6.373389638870043505e+00,8.357016989596806056e+00,1.094729594059385391e+01,7.481729265953849684e+00,1.442610078770337800e+01,1.564017247834779800e+00,3.043459941852135753e+00,7.946840927351924044e+00,3.000000000000000000e+00
1.384685447019065307e+01,4.676689795757726920e+00,1.374972491060011670e+01,1.254982104816115651e+01,7.663944385529590342e+00,1.628569162892926769e+01,1.221301719790973372e+01,8.513602436819823538e+00,1.669948820879035978e+01,1.432824963622540970e+00,1.768918411212126784e+01,1.492319019740296460e+00,1.099663138316147659e+01,1.119665389094491026e+01,2.780784272233201015e+00,1.071479285834680972e+01,4.037457079859400721e+00,4.075850406853057883e+00,3.799196142527555331e+00,1.129596119530232734e+01,2.896896626791862772e+00,7.056399210029898228e+00,1.336550348401723021e+01,1.706715193064367853e+01,1.029393820818331307e+01,1.359063461217252744e+01,1.351601126844923151e+01,2.135067233271166653e+00,6.585615644898064502e+00,1.419724705205431903e+01,5.392117830290356295e+00,5.597566877774371896e+00,9.801332821645004856e+00,4.106744525536409895e+00,7.217706947665806894e+00,6.119735736552011751e+00,1.730238644534464498e+01,3.812849465430818263e+00,3.278961771128047431e+00,9.407490046623417257e+00,1.493476380652223767e+01,6.917657954400548093e+00,9.228860505593351249e+00,1.016163673997485262e+01,1.220716951941733974e+01,8.186256137521464638e+00,6.368185433035423948e+00,1.320434036172730252e+01,1.490717981733614295e+01,1.205121041353172906e+01,1.581065393469403801e+01,4.544024635388910660e+00,1.010488435410028174e+01,4.948419826786630615e+00,1.338716537415826835e+01,8.676607222601097291e+00,1.439857748045528796e+00,6.351333344392299018e+00,1.935211008988529491e+00,9.229077079560200403e+00,1.165399821118913337e+01,1.371487457667311105e+01,1.419447912103200338e+01,1.236943459761540787e+01,1.486934024249742059e+01,3.626889360518539274e+00,1.523535388162130033e+01,1.174781830248686809e+01,1.923066334242667041e+00,1.016162951492347410e+01,1.075715449872141072e+01,8.883570924081984899e+00,1.411679576024183902e+01,9.116153752276188627e+00,2.317486920032193609e+01,7.961693330435798188e+00,1.905091190903032228e+01,1.281843519522053443e+00,6.264344131778683433e+00,6.180847156036167078e+00,4.000000000000000000e+00
1.326652713877659373e+01,2.851627128806551426e+01,7.108202948945636201e+00,1.003570270994996960e+01,1.126429051935601677e+01,1.268510310183746093e+01,2.412596677934430645e+01,1.100057232303532473e+01,1.313027861661500317e+01,1.702926923581342322e+01,2.530715362461889839e+01,1.824370777320432779e+01,1.574816589554042423e+01,1.552082666765759988e+01,3.187571382937036901e+00,9.453680410160846037e+00,6.681591915001400039e+00,1.565547080473777974e+01,8.596616906810350400e+00,2.198018553563738209e+00,1.422350738624571775e+01,4.853408563147132426e+00,3.667998320565515780e+00,1.378953188508869765e+01,4.955362465869336930e+00,9.713854657694248829e+00,1.704423924581633187e+01,4.155708307007064839e+00,1.350545721301944901e+01,1.682850385250958425e+01,2.058089752339600764e+01,6.625600369664537581e+00,1.178051072078043404e+01,1.444941645313326362e+01,7.994971148146738926e+00,3.676258775749880581e+00,1.425398750560570704e+01,2.203011532887137136e+01,9.842331456353663910e+00,1.531125725616237609e+01,5.916232365906306967e+00,2.292124318260833959e+01,1.093276454976419743e+01,2.266997569312518834e+01,1.178059079111014107e+01,1.446131588198347906e+01,6.360405059171340802e+00,1.166916075848861389e+01,1.500623030153882276e+01,1.575010344670189255e+01,1.385944639847818216e+01,1.559932286576096772e+01,1.653730838660881020e+01,6.825822767119054113e+00,8.258115837125531655e+00,1.428558203319671804e+01,6.887421471359947311e+00,1.492750362583919177e+01,1.378546248465903723e+01,9.960719161650239073e+00,5.590863282368682796e+00,1.621195346205836429e+01,4.814591971403563875e+00,1.172353161582859471e+01,1.379395237393535290e+01,5.752666330638719572e+00,1.105783407606828206e+01,1.667281979341538101e+00,9.941299599015344768e+00,7.934804540042105891e+00,8.495957367161551588e+00,7.686546276047995896e+00,7.544047956230113705e+00,4.136161296238179408e-01,2.029011451726601578e+01,1.378754505364045713e+01,2.563356942641840774e+00,1.915113193867700758e+01,1.403464982248952353e+01,1.687380431438460349e+01,5.000000000000000000e+00
6.519192697628533040e+00,1.687091527851647044e+01,4.976663173401509432e+00,1.810569343033968437e+01,5.421690322258352346e+00,2.583170632571599956e+00,6.641946739880172146e+00,6.609199412285211572e+00,1.770946610174764047e+01,2.304963230020343445e+01,9.524298543898103375e+00,1.824431161650440103e+01,1.531681073314832098e+01,2.894632179925885040e+01,2.554834219034226805e+01,1.186671430043946707e+01,8.369685654188391055e+00,1.670748135444834404e+01,2.235150168531647452e+01,9.152487906542775775e+00,4.570570637360167332e+00,9.738474042597186298e+00,4.099721057816551273e+00,2.364375407361177395e+01,1.459081721568308332e+01,7.469136577786455788e+00,1.421261803010817992e+01,2.922763965088551430e+01,1.808932926041641664e+01,5.685690120039280870e+00,1.001948879964604444e+01,1.610767395472413099e+01,5.692741028659393798e+00,4.311086443583914019e+00,9.534456371051911461e+00,4.601498141651521934e+00,2.675381204857055106e+00,1.160660980992358304e+01,4.945429170450625911e+00,1.191360052370976241e+01,1.240897878772702789e+01,8.778359701179164531e+00,2.326335054902408928e+01,8.558228341370908154e+00,1.227085503456572191e+01,1.197606595499260251e+01,8.217808267304880232e+00,6.646923953013910591e+00,9.637976235092409638e+00,6.210046265803483401e+00,1.581835623209105890e+01,1.567454240448297398e+01,2.777653272489478464e+00,1.395731942422554361e+01,2.961717532477178061e+00,1.630627387259195515e+01,2.101790948728118380e+01,1.150193275657898440e+01,1.026345324677955340e+01,8.129493781688669429e+00,3.800632184632192434e+00,1.576555217878699366e+01,1.102026674038077836e+01,2.229932481070112971e+01,8.999143046830322845e+00,4.086384487891161932e+00,9.080082580259716707e+00,8.262592616069689200e+00,3.789055487934030797e+00,1.102045997279786249e+01,8.404204675716490769e+00,2.309386875385029114e+01,8.485839211225853163e+00,1.442014445864208838e+01,1.252264187920555116e+01,2.724328692421837950e+00,1.446862720921209622e+01,1.969101274114352762e+01,2.098164196614664689e+01,8.898587343312465592e+00,6.000000000000000000e+00
5.069882478945101134e+00,1.043374726323185797e+01,1.541107918608974003e+01,1.600898810104958159e+00,1.483846409054169513e+01,9.273442874747251707e+00,5.028515471241509438e+00,1.315289145558588046e+01,1.147141696787460852e+01,2.517308513047304519e+00,1.582413458399512862e+01,9.488791270330949601e+00,8.534894496667064345e+00,1.943206085476366241e+01,2.401336595386271977e+00,1.158302871980548154e+01,1.633172923802761911e+00,1.823221933839362308e+01,1.626595759913641004e+01,1.311699169687335420e+01,1.101175055646144862e+01,1.015544029297923601e+01,1.383679804239445232e+01,6.774711690396340913e+00,2.608679407318141230e+01,6.766077237662455168e+00,8.044852059224679053e+00,3.853876274973840221e+00,5.939910567570871436e+00,8.215983705106019386e+00,6.544974790058061487e+00,1.159150196477514427e+01,3.730393336064460996e+00,9.491905131818846542e+00,5.309429414570756123e+00,3.083182159561279612e+00,3.928505445894398207e+00,5.448519091510474865e+00,1.355130282973543920e+01,1.277493243273958301e+00,1.259829530170128287e+01,2.507530522353636115e+01,8.926335271665452709e+00,1.140791076300961748e+01,6.879435292307017669e+00,1.366510756751241473e+01,4.567045723671330215e+00,1.307444299619725392e+01,1.114345163030532504e+01,6.839359248037832906e+00,1.444345950837154113e+01,3.881597247726384037e+00,8.911305962805748493e+00,1.143070821835260276e+01,8.067157250918814526e+00,2.637828884976097576e+00,1.297951190223396267e+01,5.072411584023349462e+00,2.946114064445789715e+00,2.333357695453510239e+00,4.882053445166903316e+00,1.033500553318550530e+01,6.490874708218918876e+00,2.620913438282093999e+00,1.643633186069809682e+01,4.369997134590256849e+00,9.464126153417529608e+00,3.583964181405085103e+00,4.466815726178842816e+00,3.904477642247715874e+00,4.368851670216812977e+00,6.455072510569943134e+00,1.790710521814402867e+01,5.805389328188383935e+00,1.220155954730333825e+01,1.668244189614687301e+01,3.049426351303840654e+00,1.154065406209073252e+01,6.940711750721992424e+00,8.513668397669599486e+00,7.000000000000000000e+00
4.917738806829757614e+00,9.690079009273443233e+00,9.591611015509611704e+00,8.863074415474208934e+00,2.095178056715656112e+01,1.772688177964703371e+01,7.001559001941325633e+00,1.639104586805416730e+01,1.687625393362129600e+01,4.312089957034372922e+00,3.523751957151762593e+00,1.145966489757391571e+01,8.917548539173649758e+00,1.290619246344014259e+00,1.043793334403777173e+01,1.072557064719107522e+01,1.001930273686004469e+01,6.275752507021390869e+00,1.013729029580535723e+01,5.734310869427792667e+00,1.062423886950764462e+01,4.156319019757083844e+00,1.079827958144257671e+01,1.093399557777560283e+01,4.061964408900397672e+00,1.425542754067838125e+01,1.866373690443745303e+01,2.083558576265683726e+01,7.842536172502855507e+00,3.872369940068654870e+00,7.645652932096478338e+00,1.033077388018447529e+01,1.134671741442009996e+01,4.813243266118621300e+00,5.418875935540987676e+00,1.492028260837942355e+01,9.879787493198858073e+00,1.116444654553889571e+01,6.352837882387992074e+00,1.064490478065663304e+01,6.478496569600420862e+00,1.387102455383950428e+01,9.397126238631475559e+00,9.038713837692434083e+00,9.356560768484840196e+00,1.431987703309867754e+01,1.013698899752751714e+01,2.066172671507716174e+01,3.672212861192292621e+00,8.086362226143929632e+00,8.997188647622628821e+00,4.091945537762873286e+00,4.424060189481246574e+00,1.821257998293176783e+01,1.682839475991555256e+00,6.299163402555417512e+00,1.024430373152821971e+01,1.432882573505288981e+01,1.360064131048255076e+00,2.704024149075963557e+00,1.145573757876570831e+01,1.464762450386247750e+01,3.822484077347787501e+00,9.594182847941551628e+00,7.702236136806606126e+00,9.451113964838182113e+00,7.236645190546766138e+00,5.422431381556686247e+00,5.441724545688023440e+00,7.089761356513395896e+00,6.847296363899341820e+00,9.365930211735285837e+00,7.169119169401953151e+00,1.021121281867530861e+01,1.340753679695138523e+01,6.148686271052928198e+00,1.455267542481148979e+01,5.326770526759030844e+00,1.373544594863802359e+01,9.509594513913793179e+00,8.000000000000000000e+00
8.114394994231682645e+00,1.200556222618148183e+01,2.432409686433795404e+00,1.584750203327680218e+01,2.586454950308488154e+00,7.627775780017617357e+00,1.525484619869086167e+01,1.815522346846375612e+01,3.639313995545645497e+00,1.041605691603697537e+01,1.196141084969376323e+01,1.361433134775757736e+01,1.541660592638084637e+01,8.858435758918936642e+00,6.535622860094753683e+00,1.706825772428149079e+01,1.888692087984605195e+01,1.143458935878087779e+01,6.198453992876040708e+00,1.385741910302525959e+01,5.332220835453346020e+00,5.272955069942550033e+00,8.321650292216503431e+00,6.134749802719918321e+00,1.185716509904067628e+01,3.726594256271429817e+00,9.210282686858413115e+00,6.880339578536588618e+00,8.253602694756496660e+00,5.613372372465216920e+00,6.007136735070376155e+00,5.550812369926117817e+00,1.711056662527702343e+01,1.399542293736359966e+01,5.657386168816519678e+00,7.279890568958221841e+00,3.628200908963933990e+00,6.177227299440894548e+00,8.650752397308258068e+00,6.295257769739301068e+00,4.483830543201553276e+00,8.337920547360848644e+00,3.420333989633434157e+00,8.350055658774806489e+00,3.902257983323611068e+00,8.927165144188021983e+00,7.434288452826987914e+00,9.099081380874823211e+00,1.728934795967462179e+01,1.088263095033290462e+01,1.035650018965508146e+01,1.219952124556973239e+01,4.516392123815509585e+00,7.378579050371634196e+00,9.365834259405650286e+00,1.197485673010443108e+01,7.054925468133077970e+00,8.285578101117424765e+00,9.472074432598764915e+00,1.531249918042164282e+01,4.005972257095603339e+00,8.719687348076073263e+00,3.944863781740125308e+00,8.777096197343705608e-01,1.522136010358305747e+01,9.227278247930938093e+00,2.407160660534411356e+00,7.678633313613730138e+00,5.817060502034896885e+00,1.966841668723667524e+01,9.777688580667128093e+00,2.201087534368546539e+00,1.177976396215140298e+01,1.140833863270197135e+01,8.833081492756422737e-01,7.227406492355020085e+00,3.699416053735589127e+00,8.039815932227394768e+00,5.551243748250445975e+00,3.151696850991986043e+00,9.000000000000000000e+00
1.365291555598333595e+01,1.501703512758560066e+01,1.107610656293833706e+01,2.153843167814576276e+01,1.025432157079384154e+01,1.615026088797095838e+01,1.772718593960351186e+01,3.200097836976261600e+00,4.373583600591496534e+00,5.757873008700941320e+00,4.231940065882002777e+00,1.272348327387320666e+01,9.818401120520261927e+00,9.315473619098696645e+00,1.388350652070870339e+01,1.661914619910223578e+01,1.383077363072507460e+01,1.755863227233139057e+01,8.694571401919180431e+00,9.434411724022329082e+00,3.586347545025146744e+00,1.332071004487869992e+01,7.368111559116142573e+00,1.286445818429120180e+01,1.720035498356835646e+01,8.834141877007105847e+00,5.166377147974808182e+00,7.579131272451871126e+00,1.689487948662596750e+01,1.168131575247901033e+01,9.464303295059615095e+00,5.415124576164419778e+00,1.265204449093833894e+01,4.397519200298577680e+00,5.075991897767674566e+00,8.028741845086637241e+00,3.478529490136648583e+00,5.745933466252152400e+00,8.999582545023558922e+00,1.517392535640524187e+01,6.935338735187124293e+00,1.036321668994288814e+01,2.950554241293574798e+00,6.343992171780028499e+00,3.292053518724459504e+00,8.753091645824643052e+00,1.341983382783874390e+01,1.200461453394780165e+01,8.821879807102940063e+00,7.676757604808549296e+00,1.929086251802251084e+01,8.172278622763405664e+00,5.860154998261164927e+00,1.069017646760269535e+01,5.217280509554878876e+00,8.397228165851721826e+00,1.478533096184663798e+01,1.527605749151861581e+01,9.256609157089691564e+00,1.333555957768373013e+01,8.072153139939564070e+00,1.363837534618026126e+01,1.655405001596334458e+01,2.837381134652392944e+00,1.486852886647546690e+01,4.216506858975436423e+00,1.372640673613060969e+01,2.020075604935993141e+01,9.938862139129060580e+00,2.635865944181439158e+00,9.081584982939888917e+00,8.621751961547815313e+00,5.733490214653528483e+00,5.035783202842210038e+00,4.474347080271030563e+00,1.242709785567661207e+01,4.716261226162570708e+00,7.670978192264631623e+00,9.613503962804674785e+00,1.226244791020670100e+01,1.000000000000000000e+01
1.100313374042612757e+01,1.024456431649181987e+01,1.076046811577564810e+01,4.636398464245062634e+00,4.505427710108097727e+00,9.841736950607119283e+00,1.461284931094076001e+01,1.761629518584453535e+01,2.696907644143989202e+00,9.352506529530559831e+00,2.884461357080071675e+00,1.595856482507693030e+01,1.092039620890755458e+01,8.093276401613513471e+00,6.898000139268072317e+00,1.325825782199091663e+01,9.597154882095606965e+00,1.917243341937002654e+01,1.220729058424455893e+01,1.684050205490604313e+01,2.239441305798710857e+01,1.575429283917803680e+01,5.130906351119430830e+00,9.774632598765174762e+00,1.728965437628644253e+01,5.747446922316179929e+00,1.462497146522997049e+01,1.587328949687659296e+01,1.031011235844482599e+01,6.945614593934430481e+00,1.324284156345005670e+01,1.575169171053124550e+01,4.813136664138533583e+00,1.412443637994872780e+01,2.680566410504232877e+01,7.707773397952511374e+00,8.965350073613471693e+00,1.039854423593264521e+01,2.229973297502818497e+01,1.409464319270780841e+01,1.147565764946354960e+01,8.511336745368160095e+00,6.150071069177593053e+00,6.317583892477075302e+00,1.299588204519047174e+01,5.051175179109212543e+00,3.552514988049801925e+00,1.113278956487922500e+01,1.394138069416059444e+01,1.470744824536838635e+01,1.200952338192493052e+01,1.963984895980818024e+01,1.549332984195337559e+01,1.046388209033318617e+01,6.240677074257584778e+00,1.427683043245347250e+01,7.813605340650002340e+00,7.934047221891397328e+00,2.944011112055541002e+00,9.682532763942322873e+00,1.215657862287519819e+01,1.257804521786888152e+01,6.708904888065015726e+00,7.325426152132129332e+00,1.530215035895410480e+01,2.937121048154775593e+00,7.637534117061984595e+00,2.632950229338688608e+00,1.390632972599982686e+01,1.692870959398023345e+01,1.819789965318731362e+01,1.348751348112636173e+01,4.040216064584893907e+00,1.638463164321698784e+01,2.597039054796477231e+00,1.793130803619619584e+01,3.031896030866853664e+00,3.202847640183475342e+00,1.657888120929682296e+00,1.378374142795636104e+01,1.100000000000000000e+01
2.246729984758272991e+01,2.230086222032829824e+01,7.738464892096916792e+00,1.412744360449026715e+01,1.693802626150356616e+01,7.925740930225817493e+00,1.002220832853343424e+01,1.535461003079269382e+01,6.379245038751887975e+00,1.025750181667167205e+01,1.067094941819730636e+01,1.949619066526110700e+01,1.722709222590232869e+01,1.290763450131249357e+01,1.400388851887096209e+01,2.017909457348134428e+00,2.114541411214736399e+01,9.972021952256604038e+00,1.154905877886087850e+01,5.975575397746382578e+00,1.043679175403938331e+01,8.240050269046319542e+00,1.331978534151788551e+01,1.817200500919049944e+01,1.436227027319121063e+01,9.881764524322386833e+00,7.137894273612834795e+00,6.697322709927306938e+00,1.404780023408837586e+01,9.675226277721153068e+00,7.367784898182127229e+00,2.039786029062635286e+00,9.876262581549044128e+00,5.688838137900516401e+00,1.689189272318440871e+01,1.693245702421832632e+01,6.744438645665143284e+00,1.562252405499513230e+01,6.683352707270820758e+00,9.853743762079462343e+00,1.615107248500642712e+01,1.332888784903243007e+01,1.005620781700276822e+01,1.439169909604663111e+01,1.591549856006542640e+01,1.754614850274853310e+01,1.326632263239887166e+01,9.155746204233166097e+00,1.059496144167353826e+01,1.467123477661960074e+01,9.346402986831147786e+00,1.271061316419337039e+01,1.657892463502255964e+01,7.448053463334075808e+00,5.587339418324585694e+00,1.886390326993615929e+01,6.537833335852006655e+00,1.119558424968764854e+01,1.145015033163796048e+01,1.175491059661277227e+01,1.205770193249176536e+01,5.382996817659700284e+00,1.361389619858524469e+01,9.224137086157018217e+00,7.813657234650628780e+00,2.457412223858395350e+01,1.223995885760452929e+01,1.426739813333638729e+01,8.706196445324582811e+00,1.870228783918624416e+01,1.626627073791755151e+01,2.069912523994488041e+01,2.740511477840650745e+00,1.811768856644489745e+01,1.468842315844695889e+01,7.367124641083145242e+00,1.510783106541867404e+01,1.519531523054709865e+01,9.938573122745486543e+00,9.454319076079936934e+00,1.200000000000000000e+01
1.982074418240738467e+01,2.022509038161931727e+01,2.467599469340052920e+01,1.238248911434467914e+01,1.117764367766709732e+01,1.842717802321617526e+01,1.424690190642459520e+01,2.021602250945741730e+01,1.021821913364413170e+01,6.372452078176285895e+00,1.416559297564427489e+01,2.100096499830397789e+01,2.364500867425290309e+01,1.083936139916376007e+01,2.361420922106252007e+01,1.817749630661919724e+01,1.403209115783826633e+01,1.123223423391390519e+01,1.128338878809208268e+01,7.787869144540318089e+00,1.012372692243592631e+01,1.752692476913686903e+01,6.887153631927233732e+00,3.371176634263847838e+00,9.246591485967703861e+00,8.879043605611833812e+00,1.839519694240969017e+01,6.104841012609941053e+00,1.464780875811000094e+01,1.816307382588852448e+01,2.888791239418248669e+00,1.397282577171665885e+01,1.288667556201203013e+01,2.009785623261260312e+01,1.362751066315685300e+01,4.992575589748494025e+00,8.185690809242123223e+00,7.242912984150748024e+00,1.642657586723982632e+01,1.137856809889403387e+01,1.514701710555755199e+01,9.647913797908103106e+00,1.668181786018352852e+01,1.700223877638655878e+01,9.507603440197559763e+00,1.146894726628617889e+01,1.155603534608910854e+00,2.279517506595510312e+01,1.958567831552097127e+00,8.196100757552791549e+00,2.030752791074151986e+01,1.292122724666538147e+01,1.356291415284706403e+01,1.500194385738641323e+01,1.271373708054488993e+01,1.136075978370897488e+01,2.224031807884459155e+01,6.838334195276677185e+00,1.356762100284777084e+01,1.915693225691309465e+01,1.886028084064886912e+01,1.727876230551060033e+01,5.490096443551110816e+00,1.482274091663762050e+01,1.037174876113775568e+01,2.183004460777956979e+01,1.396532097221369639e+01,1.438136882139898454e+01,1.085597119839843394e+01,4.917155241578652358e+00,1.304486444961687397e+01,1.373775390144043484e+01,6.666665566752119076e+00,1.783424919003676123e+01,1.411381309624465885e+01,4.772295722525778494e+00,1.464169326346895517e+01,1.792867044817338495e+01,1.132453026489718084e+01,1.390713013032223344e+01,1.300000000000000000e+01
1.884853218282088605e+01,6.525344124749561381e+00,1.593851839344510779e+01,1.903603170146187296e+01,1.790522890752681917e+01,2.649495783421107475e+01,1.435360847750864544e+01,7.071523812932896114e+00,1.634618516221410189e+01,1.497339252814189514e+01,1.612021263769540980e+01,1.764559544423466875e+01,1.195512597986152237e+01,1.672181483553432457e+01,2.418505393282191207e+01,7.165119854862413540e+00,1.635529124425733727e+01,1.343990728930691247e+01,1.561262927019696178e+01,2.102494892791763093e+01,1.737759036668954238e+01,1.407615847297475575e+01,1.230287577733334459e+01,1.809392680010810395e+01,2.664052124594452664e+01,7.062029145478395442e+00,6.597368390602364130e+00,7.577104315547674496e+00,8.407214407945271972e+00,4.134173623214251414e+00,6.097787190440333127e+00,6.347059473196807744e+00,2.437876581113533803e+01,1.827412819217197182e+01,2.061627269850673727e+01,1.366911195772486387e+01,1.196334515999149239e+01,5.554693164318401877e+00,1.179878080984440913e+01,1.609789222332773884e+00,8.248881010303206196e+00,1.315856880889161573e+01,2.830705989390296384e+00,1.915145236082977576e+01,9.795398653553611723e+00,1.172999028978869696e+01,2.163042008446517883e+01,1.457950972885447172e+01,1.188261284409067642e+01,4.720926212990423032e+00,1.636716220182099946e+01,1.713849778038023786e+01,1.074651658929187370e+01,1.132608241056415643e+01,1.365536049788322437e+01,1.021924598147479024e+01,6.784995102822794166e+00,4.470555495112161104e+00,6.019500741586257142e+00,1.206071530040678574e+01,1.222348106249818578e+01,1.987971305935912625e+01,1.689961904291002170e+01,9.276859110617738935e+00,1.880528421409513129e+01,5.250253796124397354e+00,1.551900700710599779e+01,9.906694249604475644e+00,1.336192938685233322e+01,1.132049725746978019e+01,1.686814469915677606e+01,1.733205704020312865e+01,1.186189729707586338e+01,2.658495678592971245e+01,1.875053720930819878e+01,1.277258491534657736e+01,1.021304303479969278e+01,1.866620208248066248e+01,5.096237365835611932e+00,4.444303726550864475e+00,1.400000000000000000e+01
7.338782290967085231e+00,1.390035292317034710e+01,1.526276410255296767e+01,4.989210344161175037e+00,1.248405674375541707e+01,1.902712886461247521e+01,1.582423920240907478e+01,2.323698785365507646e+01,1.576440133204260263e+01,1.023933317745528093e+01,2.272695529948615345e+01,1.636815677390184476e+01,2.242845176447773170e+01,7.732038883339525270e+00,1.227306998477809152e+01,1.586421608316552323e+01,1.560820040648608220e+01,2.343904741522477408e+01,1.648340164685824050e+01,1.949993639908247900e+01,1.418642118407100128e+01,1.063230695094593869e+01,1.044919373171418187e+01,1.088833408593499996e+01,1.856812054694627889e+01,2.086873764472423076e+01,8.445617964834037039e+00,1.266365796769031071e+01,2.311886242607290853e+01,2.221552967111084342e+01,1.725332625972331257e+01,1.758628021453701251e+01,1.194483545055336293e+01,1.708310928872084844e+01,1.179409896321305062e+01,2.238069000769958805e+01,1.062920420212304684e+01,1.616719968745202252e+01,4.154696801377165016e+00,6.855690504948395159e+00,1.698239321478794039e+01,8.717259390022174870e+00,9.914548925885844355e+00,1.263217231815211150e+01,1.072683306841891770e+01,1.266132235253230576e+01,5.436205566747151607e+00,2.008202521705104360e+01,1.339625514014854346e+01,2.004375976249502855e+01,1.909951034459889740e+01,1.539533557221482951e+01,5.815122990082206123e+00,2.222247881640785394e+01,3.647512529985744045e+00,7.154721411295597022e+00,2.030215070253198206e+01,1.411607381765422176e+01,1.180212508688744144e+01,1.303085836776223694e+01,1.912093922578719329e+01,1.564819791842359642e+01,1.331072944992885887e+01,1.147235922584741985e+01,7.191036781508899800e+00,1.548324920154819395e+01,1.093589250777379895e+01,8.940149117009934088e+00,2.082688674096825565e+01,5.800191401718783446e+00,4.532419733042284626e+00,1.902372662944209836e+01,7.097971294554580091e+00,8.029451343828709398e+00,1.498494267982127326e+01,2.127719649000443525e+01,3.693382927780402447e+00,1.446522579799578345e+01,3.963339786401734344e+00,1.305419539303303722e+01,1.500000000000000000e+01
8.009472993045800848e+00,1.299992131845800536e+01,1.079018085136452676e+01,1.733554642244808264e+01,2.386000376535696788e+01,2.095467088828082858e+00,1.945971307758412294e+01,1.119390531514083342e+01,2.258807953752420161e+01,1.834458762848721847e+01,1.501416498798692878e+01,1.022870546730757901e+01,7.474766360750045635e+00,1.144243915081228202e+01,1.393019445065437978e+01,1.643147857307107884e+01,1.400342380013271182e+01,2.078258988817465536e+01,1.157162115774439926e+01,2.051297739667605669e+01,4.730085647610535737e+00,1.270050987363815720e+00,1.540727500689961715e+01,7.184192105543250051e+00,1.743391996545900824e+01,3.339446920607281211e+00,2.473356550333307702e+00,2.133079080465333988e+01,1.898757276752534295e+01,1.148347686419626612e+01,1.673219892974223555e+01,1.246549787495777295e+01,9.582925050740305650e+00,1.253208171028098050e+01,2.144476834929625397e+01,1.343105417714814998e+01,2.173417384696836763e+01,1.569724646637762611e+01,1.379977750220951904e+01,1.425838608026161580e+01,1.471690744861732725e+01,1.473223459786424705e+01,1.694917813829735209e+01,1.293773978610948205e+01,2.016533005449853988e+01,1.928320952542453171e+01,1.235519026035632884e+01,2.853037588748142284e+01,1.726607417215076268e+01,1.820169941801013280e+01,9.824197132346160544e+00,2.604388715468709314e+00,2.291826931455391758e+01,1.886916252385652726e+01,4.000210512102049698e+00,2.532082465401575178e+01,1.357911458750726830e+01,1.215283672292795636e+01,1.493888500646581896e+01,6.413264178450434727e+00,2.600920818157533532e+01,2.025244660489379100e+01,2.323461871823413105e+01,8.779825047095917157e+00,1.726104106905455993e+01,1.124056971762088608e+01,2.150138575893097936e+01,9.878044455157709791e+00,2.017939792438292557e+01,4.532757562119949846e+00,1.339182466716041553e+01,2.231241462796894126e+01,1.647330352537912646e+01,5.325292915392568105e+00,1.663108873146011035e+01,1.371004527942844575e+01,1.256837932327365159e+01,2.273490204451306695e+01,9.345739741660006317e+00,7.935775787769108192e+00,1.600000000000000000e+01
1.374610541643458639e+01,2.205519349585798139e+01,2.557057503537941656e+01,1.456093584961512377e+01,2.604990976873114406e+01,2.664050725288974064e+01,2.633689549354702564e+01,2.282075084795514286e+01,1.317928433753282036e+01,2.341848952922562077e+01,6.385047982988806936e+00,8.181852592105599342e+00,2.706432009324083410e+01,1.585215655429933079e+01,2.160670794089829982e+01,1.604043462501621065e+01,1.526470224942445242e+01,1.216844785997453826e+01,1.216477760388697149e+01,2.070632470533607972e+01,2.042323287811957044e+01,2.275301471990371383e+01,1.654464472946316178e+01,1.443092815234080106e+01,2.099544973486343835e+01,1.405484927646402760e+01,2.180446389801041107e+01,2.275116373674917014e+01,1.766790566349677860e+01,1.523788282114131754e+01,3.090797451543024721e+01,1.668909013799851948e+01,2.314562396569615643e+01,1.113528814641625253e+01,2.171583240675169080e+01,8.593474231815639186e+00,1.672108910533230741e+01,1.498585539906975050e+01,2.038196096376895028e+01,1.299852698190460210e+01,1.204589786640341309e+01,1.663335965227206614e+01,1.659358985540012199e+01,9.502556447391775407e+00,2.757549121917399759e+01,1.134077824890925790e+01,2.198745382792154857e+01,2.230537728551955823e+01,1.821282485733458856e+01,1.894850792551389063e+01,1.894857384063358197e+01,1.513033342842338769e+01,1.730491744319050795e+01,1.521584845755260496e+01,1.099750805927376796e+01,7.581767479671690957e+00,1.379093550361560672e+00,1.735105000372933759e+01,1.890585793633609768e+01,2.241203639833226191e+01,1.365211563765540603e+01,1.868254556960464896e+01,1.166346476160580004e+01,1.539189675536719371e+01,1.680988909128150866e+01,1.941904064167547972e+01,1.212512502482343635e+01,7.696730590794823357e+00,1.224761029161032866e+01,2.048059576801673387e+01,1.011713046590028497e+01,6.221869250555236874e+00,1.372248992772939502e+01,1.665887876291801817e+01,1.389525678778725926e+01,7.201361305850135786e+00,1.714862453036143464e+01,1.510834598284338881e+01,1.599031711078278839e+01,8.782898653248455645e+00,1.700000000000000000e+01
1.917878046308033291e+01,2.163862919032236221e+01,1.753453743926939268e+01,2.219696255923602024e+01,1.776642984576860940e+01,1.592705503332051187e+01,2.001526887209490013e+01,2.400953743312055977e+01,1.480797329889540492e+01,4.401274433433592037e+00,2.300275393932135515e+01,1.836502172083995177e+01,8.192255796237372323e+00,6.212219052215101733e+00,1.652059204119790436e+01,1.483164617600568391e+01,1.470938843924380635e+01,1.909864787383442675e+01,2.045365642087052649e+01,1.685252557708157894e+01,1.000397953525950356e+01,2.439417211353201509e+01,2.654539390941114352e+00,5.493245604711028740e+00,1.882363740383382478e+01,1.107530964584461763e+01,2.761761277862190411e+01,2.194707482899726614e+01,1.579909861819131933e+01,3.796026399010441033e+00,1.233504628157954919e+01,1.237794563829671901e+01,9.470938217246493096e+00,1.325546012416402419e+01,1.203011586302780245e+01,2.060321495895533417e+01,1.827582019136336910e+01,1.981511299408613880e+01,2.197973807161482895e+01,2.053447160142713912e+01,2.834848335383703244e+01,1.995669117126837833e+01,9.497092303769370858e+00,1.834293873671024144e+01,1.507394079179167612e+01,1.894880378569466473e+01,8.349550915815131091e+00,1.101880974447861306e+01,1.827131019128404432e+01,2.886958064768714038e+01,2.433705267885791557e+01,1.988840078936993550e+01,2.468332019554402024e+01,2.527829404753879672e+01,1.587855830081783637e+01,1.422481348291148784e+01,1.401684275101719024e+01,1.839748874934545242e+01,1.962699238504453447e+01,2.304194437182665922e+01,2.178130260924502792e+01,6.677762503051877907e+00,1.104884932783845386e+01,1.802283876453497768e+01,1.689699814223281749e+01,1.995431926128832956e+01,2.606591971263604179e+01,1.506389718988699755e+01,1.977835284688502071e+01,1.795734922842180836e+01,1.965791268366536215e+01,1.155244364886567610e+01,1.308463968166347868e+01,2.345435128651481804e+01,1.953087603213209889e+01,1.714761338436304072e+01,1.873921900376927496e+01,1.790916901908355641e+01,1.548387404843236403e+01,1.111488355539564310e+01,1.800000000000000000e+01
1.899313489706505820e+01,1.349858875424921223e+01,1.318276810259472676e+01,1.332083011860916066e+01,1.585390750133645099e+01,1.880330942295683982e+01,2.142070267053776433e+01,1.385087435603355388e+01,1.993330835709085846e+01,2.350962387287592747e+01,2.752296121681705543e+01,2.039442274146225742e+01,2.350362023541911327e+01,1.819588068074643772e+01,5.866370270103611340e+00,5.883255593199601563e+00,9.194100179865584366e+00,2.026573543256080256e+01,2.213300052206279034e+01,1.617916814135755743e+01,8.210547964736761628e+00,6.418401380236776532e+00,2.393313997653901382e+01,1.723692352165106101e+01,1.648792062966391825e+01,2.611601773588435904e+01,2.231852410716469848e+01,1.481441115854247315e+01,1.443093575494503078e+01,1.220587529644854996e+01,2.582839767928948049e+01,1.686395064229818885e+01,2.963392749435801576e+01,1.499176997142260781e+01,9.713636337681705868e+00,1.622134270791004695e+01,1.398388780587747249e+01,1.365047449876522201e+01,3.295031471145621005e+00,1.734532369170713295e+01,7.377941664804100519e+00,2.356600462231098803e+01,7.177636118815394539e+00,2.143376501556926428e+01,3.724500381968196105e+00,1.155321440166840929e+01,8.132207264801998292e+00,1.745741341214755238e+01,2.734567193139036689e+01,1.577502632096845758e+01,3.188766849760916067e+00,1.369807739892753062e+01,1.669719381812909376e+01,1.710861211256254677e+01,1.740359400304699378e+01,5.433894960507205774e+00,1.610445476648317253e+01,6.383881853012615792e+00,2.005389196164071208e+01,1.272608679619199989e+01,1.973538349387651181e+01,1.993684734880626408e+01,7.121952950625742851e+00,1.032564576443017046e+01,2.205798940953618725e+01,9.797522814255589241e-01,2.039041607576267623e+01,1.192399881024746833e+01,1.098507963211779526e+01,1.368076209260317277e+01,7.732975938760087153e+00,7.967941455580292320e+00,1.413412676418807123e+01,8.212694213524509124e+00,1.566684818568205806e+01,4.705603411293122207e+00,1.435737596846292696e+01,1.318018137845209026e+01,1.455487953142312740e+01,2.458122870080215350e+01,1.900000000000000000e+01
1.771030602655800124e+01,1.171478592160147514e+01,2.434745826835498406e+01,2.211765335336357552e+01,2.781418780634612276e+01,1.694839289420020023e+01,2.260908114546530001e+01,2.382182090799024010e+01,8.847213422005122396e+00,1.246527585655014825e+01,2.626810519500124030e+01,1.807357883124840470e+01,1.858499183222597040e+01,1.914433591324548445e+01,7.884010753493601698e+00,1.403668476836734413e+01,1.363320860785131039e+01,1.109892173938438020e+01,5.041060343311683845e+00,1.505417644990069803e+01,1.857990316810676035e+01,2.119278548250228411e+01,2.268405931156462429e+01,1.622854173069919526e+01,1.877876673872670210e+01,2.124962820081553616e+01,6.830812350224814367e+00,8.141938119471697988e+00,1.255876584796348894e+01,2.632419195624381203e+01,1.095448523855545631e+01,1.962450704459255846e+01,1.891230822345670637e+00,8.792609173345717011e+00,1.339339579447065809e+01,1.907667885603695268e+01,1.915829527838285173e+01,7.452987257897344620e+00,1.833698736073823454e+01,2.516041702526093715e+01,1.907248576589831401e+01,2.198127967993954002e+01,9.014447768408029305e+00,1.809772132799747624e+01,1.533228748646665274e+01,2.007539880663345144e+01,1.813404067524596286e+01,1.857680039368240799e+01,1.723019941722247950e+01,6.733926444926469301e+00,1.502235671536797135e+01,1.760282873898914247e+01,1.898346197184876161e+01,1.261279348520251098e+01,1.542996897349414631e+01,2.071201083763997275e+01,1.531100702814386949e+01,1.426881124185545069e+01,1.690546389481657741e+01,2.016990297948106914e+01,1.297284152129602575e+01,1.760028429794459726e+01,2.693836596257042970e+01,2.028633092072460187e+01,1.133659575284782228e+01,1.428190118089376170e+01,1.644016936848027655e+01,1.668569033720549299e+01,1.759374620727122718e+01,4.613458051076428035e+00,1.935742505856413231e+01,2.328403733558140587e+01,1.563570370664925591e+01,7.751392475566675877e+00,2.085672135140174177e+01,4.487702432952745291e+00,1.206422884874710455e+01,1.071187639978156625e+01,2.350790995283728435e+01,7.215007603033339656e+00,2.000000000000000000e+01
1.252675116371180053e+01,1.854746061475668029e+01,1.956335245872221051e+01,2.509473460670471212e+01,2.274189147367416552e+01,1.870285508866958679e+01,2.500506129042224401e+01,9.715944661087924317e+00,1.465911211204799969e+01,1.499739768298638509e+01,2.872575993508828773e+01,1.282063146867367465e+01,2.669958420865694038e+01,2.114225797995749190e+01,1.381045706818679975e+01,1.496300303485194227e+01,2.700733139601312871e+01,2.352417429582574471e+01,8.450912828838021085e+00,2.565933632456144409e+01,2.240978141279020264e+01,5.628555224791484513e+00,5.958267304789025332e+00,1.317722543031974425e+01,2.251245611901699917e+01,1.938921618149528570e+01,1.696336613380429981e+01,1.310892551572280063e+01,5.625952895561909806e+00,9.115494587188971209e+00,7.071375790098406000e+00,4.042404419932092985e+00,9.493054039142096556e+00,8.087389190193173150e+00,1.952686583492267403e+01,1.779047632917921007e+01,9.889462456458096185e+00,2.304000287878588438e+01,2.059309339984533338e+01,2.234487958590471024e+01,1.950033581993787379e+01,1.389250692816911581e+01,9.818259995619806446e+00,4.748583006013277874e+00,9.689239186925567182e+00,1.727426207579103945e+01,8.589941068064215202e+00,2.052640096404528691e+01,2.517687441562336303e+01,2.198359885242452449e+01,1.685365499966816571e+01,1.279114469250127506e+01,2.067466771605742792e+01,8.605318013505300456e+00,1.788900659095320123e+01,1.159619715234193293e+01,2.108981252283268759e+01,1.035146551358082512e+01,2.044840581984726668e+01,1.745938182744052369e+01,1.686881374244749709e+00,1.151444002810950806e+01,1.762062061038229643e+01,1.718398995829058507e+01,1.343680396562189117e+01,1.192959831366986201e+01,1.001900185258379672e+01,7.425230108240850058e-01,1.449179287836839514e+01,2.078036036241320517e+01,1.755112865810562894e+01,1.675400068648039564e+01,8.676988102613018228e+00,1.423272725803337835e+01,2.170197353559756337e+01,2.991919859080971023e+00,2.006233667018537759e+01,1.303004294831329801e+01,1.752996083104012470e+01,2.229737186578203278e+01,2.100000000000000000e+01
1.418884337013699337e+01,1.235919460420701554e+01,2.240606899416287234e+01,1.903665507395961143e+01,1.561839551294377060e+01,2.481069849074912881e+01,5.655332142937404605e+00,7.176531934338658658e+00,1.817071413247646205e+01,2.114030463743323818e+00,2.718061263025792940e+01,1.763181096520766644e+01,2.275831060123722160e+00,1.961302988455377871e+01,1.820661743697275980e+01,9.973304682902202956e+00,2.060630297134940392e+01,1.780289840018121339e+01,6.368678559076273338e+00,2.071855290975512887e+01,2.216485202479301364e+01,1.596432960901059950e+01,1.866776338320118356e+01,1.513338560579905057e+01,2.065166005363945700e+01,2.610277429839419483e+01,1.207846441320392650e+01,1.482937484324264510e+01,1.357173963165103459e+01,1.026571581163101676e+01,3.173622663008496048e+01,1.929664411818707137e+01,1.994766857480442468e+01,1.436851881731447200e+01,1.615061612624690568e+01,2.107508888692692040e+01,3.545659317957945422e+00,2.309418535014825480e+01,2.094731734576686932e+01,2.445662424132034118e+01,2.714441808877937845e+01,2.126698348943117267e+01,1.722386950396385075e+01,1.858805188569968081e+01,1.994803825880579851e+01,1.533780503600106826e+01,1.481309568251464270e+01,1.841966848346725172e+01,8.782014904322130278e+00,5.394484577678420933e+00,1.668892776240097930e+01,3.077239651095522888e+01,1.707027101136892711e+01,2.476532276311707292e+01,9.850942793315050849e+00,1.913705260769188499e+01,1.642946346700694704e+01,2.098164648771254903e+01,2.833041273914365021e+01,2.344156658460543596e+01,2.751926932546149729e+01,1.762529432956751663e+01,1.429081739989349487e+01,1.986169257807320676e+01,1.287884784506562141e+01,1.627795119569834981e+01,8.586301783033219337e+00,2.120806867484327896e+01,2.033994041678637998e+01,6.649794156117854627e+00,1.620246933417039514e+01,7.039264939408016453e+00,2.050994561770850666e+01,1.454320029874481435e+01,8.809956812322267794e+00,2.809271830185327801e+01,3.835622454394705949e-01,1.114954971611948409e+01,1.233820068266427228e+01,1.002956312992150423e+01,2.200000000000000000e+01
2.721445355045250380e+01,1.348438949774284623e+01,2.170279351092523967e+01,2.011991677145790192e+01,2.040708224140404781e+01,1.494878629305589257e+01,2.393912076949823842e+01,1.646002593716932338e+01,1.239440736896591133e+01,1.838945162014603341e+01,1.345164110278706104e+01,2.511812358399789602e+01,2.023289406953803038e+01,1.378244303074003874e+01,1.688403083890182543e+01,1.832307243385248086e+01,2.592879770728620770e+01,1.345299883957869902e+01,2.283263240946778438e+01,1.931371965264833790e+01,1.852525097633532880e+01,2.542504599029475543e+01,1.297072886417013216e+01,7.959269834881715688e+00,1.100649800385217425e+01,2.102305852454124846e+01,1.245719623418954214e+01,1.462110419227890645e+01,1.999035939307606569e+01,4.422194928075389164e+00,2.036797477301118153e+00,1.676246684893091299e+01,1.081111357244323301e+01,2.415540799684985274e+01,1.394546140457306826e+01,2.023357513002198615e+01,1.314372588470743253e+01,1.311075220590567803e+01,1.030268028010284809e+01,2.008082119636946317e+01,1.538156966225117372e+01,2.888868330834231912e+01,2.601467190333806556e+01,1.025938319240839824e+01,7.513267607471934006e+00,1.433702982937889203e+01,1.648143700310281545e+01,1.477644532798912635e+01,2.461374192828675689e+01,2.345553618964287423e+01,1.096704115380962108e+01,1.078977732348150020e+01,1.613583989997061607e+01,1.275881962177430751e+01,1.724287646303434229e+01,1.156480041628342548e+01,2.621844101040315778e+01,2.253796930673042453e+01,1.249599668285466691e+01,1.311895427664550873e+01,1.643421400205171778e+01,1.322343138968486720e+01,6.024209640596080106e+00,1.139861562201412681e+01,1.258344758546598285e+01,1.433730155609297618e+01,3.029582553546769308e+00,7.355516714766645592e+00,1.817972259414562330e+01,1.005254824377578338e+01,1.817598126108096679e+01,4.242651711365165390e+00,1.737737938125574289e+01,1.620987877402723853e+01,8.187632630106845610e+00,1.942400814478939708e+01,4.203627101503501606e+00,1.416074928153099677e+01,2.265683297437435328e+01,1.417059114557671151e+01,2.300000000000000000e+01
1.615820561964381241e+01,2.203477148712429923e+01,1.290168978160673419e+01,1.482602708621568333e+01,2.134098314794408680e+01,1.540630962044787111e+01,2.639443387971642352e+01,2.616106228005101642e+01,2.549472255427968292e+01,8.181180939886832704e+00,1.623308975387443098e+01,2.750108646964952541e+01,1.575701098179171566e+01,2.426926112585582729e+01,1.885262153801802043e+01,2.136980537117380052e+01,1.709156984346868668e+01,1.002942735319654943e+01,2.484233124536276449e+01,1.211954665525211716e+01,2.339358810096374341e+01,2.988998408576815891e+01,1.729878797391584300e+01,1.967333207318299770e+01,1.795511132668876542e+01,2.384418402733007625e+01,2.079470386346886457e+01,8.552308483502287118e+00,2.235118768944570178e+01,2.360679610149836094e+01,1.798723377605237417e+01,1.541122591254485030e+01,1.982296357867177861e+01,1.299074589165081939e+01,1.017035903454451784e+01,1.154903791324874796e+01,1.382642191408808863e+01,6.339405770526536088e+00,1.678726030717491824e+01,1.919973653692104065e+01,8.901223092248100599e+00,9.868097026680839434e+00,1.284864983993995047e+01,6.810165652603343389e+00,1.493657625615464646e+01,1.058529179829294620e+01,2.533244754478386795e+01,1.921762085250376018e+01,5.114801295511791857e+00,1.976704276265171956e+01,2.364567841972596085e+01,2.520880229013683405e+01,1.430818609740243907e+01,1.052052061677129302e+01,2.104727664016870037e+01,1.526508345699723534e+01,4.955224396938163522e+00,2.215929890416374093e+01,1.855984588183070016e+01,1.698652728034362980e+01,1.851029254281583647e+01,1.160487506115395462e+01,2.324810496039349772e+01,1.526807208500844126e+01,2.653307019854438309e+01,1.114182211865516159e+01,2.175925966614966001e+01,1.386706997237700101e+01,1.396583161514845450e+01,7.797525225137463600e+00,1.897840653558694157e+01,1.273234508545505328e+01,2.650232014100187072e+01,2.507740964466679046e+01,2.653282548569759758e+00,1.656210486198472154e+01,1.713589419251271551e+01,1.993940383880069689e+01,1.097725114333118768e+01,8.456151237685299193e+00,2.400000000000000000e+01
3.007770183283897936e+01,2.272115230396637742e+01,2.745161197101336725e+01,1.728966602140365794e+01,2.409726078113284586e+01,1.405494217002304147e+01,1.787138468103982447e+01,3.211467503163330406e+01,7.862874605537703232e+00,2.697805928286160437e+01,2.529149964678511253e+01,2.205406335675435159e+01,2.533026375804118757e+01,1.300923410320025830e+01,1.251049611969419217e+01,3.031803732017602115e+01,2.212269468442622866e+01,2.274170530867180418e+01,1.395678192708050958e+01,2.193277921282237131e+01,3.001649656748588768e+01,6.141176079138343624e+00,3.305416626505945743e+01,2.257957288057832912e+01,2.263908141402431440e+01,2.358378918823422055e+01,1.616010012294679754e+01,3.445767727545949555e+01,2.276728898490148012e+01,2.819645104063637575e+01,3.141495881334088480e+01,2.293170699802452006e+01,1.331609571650620616e+01,1.303961192173124140e+01,1.672050841961232592e+01,2.795230532478291607e+01,8.686783053796633070e+00,9.947108896602641082e+00,2.997243727771738975e+01,2.044200240610197028e+01,2.473485720980141878e+01,8.125358017845146108e+00,3.765894220719101515e+00,1.600367612307715603e+01,4.770264764648132427e+00,2.491335138357951173e+00,2.145342186573536480e+01,6.428605844151181081e+00,2.772607399766803482e+01,2.723316759512709595e+01,1.840889187276556882e+01,1.860884473781571202e+01,2.666500780868043563e+01,1.434151540076108411e+01,2.107565090075958381e+01,2.158018327504221290e+01,1.270426958480356383e+01,1.996087762379096731e+01,1.306086372110125460e+01,1.615446033871163678e+01,1.184476319150279622e+01,2.382426715854835919e+01,5.370418404953122504e+00,1.841169402230775631e+01,1.555739988907805404e+01,2.843371036326475121e+01,1.225863633523484886e+01,2.676484346751767518e+01,1.911464271443588814e+01,2.401856369044594786e+01,2.392811085515020864e+01,1.510119648728351649e+01,2.732001179526844581e+01,1.899667133884443260e+01,1.565052311906460147e+01,2.668186525945033694e+01,7.904869410839747701e+00,2.697389505456332870e+01,1.841981716687729786e+01,2.645584142550565332e+01,2.500000000000000000e+01
2.763346782725440676e+01,2.369692628202703588e+01,1.503886588637382893e+00,1.702587972562603724e+01,2.660945146827041086e+01,2.371206109984981936e+01,3.109661884502556006e+01,2.395297687089003702e+01,1.865554304456783186e+01,2.725019218288288414e+01,2.864554819638748384e+01,1.970085514579621488e+01,2.102802841730272831e+01,2.120257045828907749e+01,2.900827075645552355e+01,2.583314085124442627e+01,2.793274438819658911e+01,2.513099552349848764e+01,9.674899375192472561e+00,2.753471204125512628e+01,2.369896157596147646e+01,2.439646390853827640e+01,2.677567993749996589e+01,2.091720103951593135e+00,3.450253092625052176e+01,2.182582650369847244e+01,2.732108408222726936e+01,2.322741374628964905e+01,8.313597093533953597e+00,2.876937769022408986e+01,2.461519353329670778e+01,1.473824411553578528e+01,1.803706158038587049e+01,2.225237601266229959e+01,1.663330211863014441e+01,2.669689613823304608e+00,1.631829453249978457e+01,8.174122105176119035e+00,2.199147790983741046e+01,2.218450030664504524e+01,2.333344246020885748e+01,2.925081220985451225e+01,2.663608555970496994e+01,2.274075819430980161e+01,1.914428333690682393e+01,1.814354778169906979e+01,1.978616017383974679e+01,1.245267112401276677e+01,1.863504249509887600e+01,1.525145399681639091e+01,2.126916632385895056e+01,2.121819994215008265e+01,1.786859747254555231e+01,2.473394029112683157e+01,1.650945285211331992e+01,1.698613845714273296e+01,1.541264746423911625e+01,1.984669964341626169e+01,2.962155153398275687e+01,2.347069379706579539e+01,2.457460479660883124e+01,2.045181444792203251e+01,1.346502828584844913e+01,9.782239897023369934e+00,2.117252699208467703e+01,2.406701056970581121e+01,2.565567581438584455e+01,2.272428630408449735e+01,2.600793758767967745e+01,1.883809612114274756e+01,3.013704425020254263e+01,3.808729833826533184e+00,1.234828535356274237e+01,1.627495501956713042e+01,1.665445124953184930e+01,1.427222418441439622e+01,2.131127110453341800e+01,2.116118735912809257e+01,2.118775889095553566e+01,9.611842337237245459e+00,2.600000000000000000e+01
2.030202766726230124e+01,2.919696173485872137e+01,3.143012971406736611e+01,2.308825575838754673e+01,3.422734765636646870e+01,2.404326311241796432e+01,2.694939923215501310e+01,1.721466475055801837e+01,2.801658034080697846e+01,1.183468145513554504e+01,2.352315608749418985e+01,2.475723119609083156e+01,1.855471007568813491e+01,2.914876706578626298e+01,3.099301204054164316e+01,2.209641514198001389e+01,2.500458100313499088e+01,1.417238813726354252e+01,1.976562604760358610e+01,1.776829390062158964e+01,2.202431472920607902e+01,2.547119017118264139e+01,1.438273357901725369e+01,2.159501052769711293e+01,3.283097438731508788e+01,2.696277486317179140e+01,6.541650765958955560e+00,2.082818386055426529e+01,2.351435403168659022e+01,1.597121316042777472e+01,2.481467533502295453e+01,2.442126923178670594e+01,1.650415677550914140e+01,4.394875457824104714e+00,2.265985081970542581e+01,1.528285902535230711e+01,2.147909886620571385e+01,1.358130257638648075e+01,5.616639993471195247e+00,2.355192319692612202e+01,1.845690176529425841e+01,1.174335853535170315e+01,4.222168262292203877e+00,2.614008010232559442e+01,3.886657587161824523e+00,2.091649604299878362e+01,4.452214625957699567e+00,1.558615371906750902e+01,1.388930024707584465e+01,1.289036108335978170e+01,1.154540481079732217e+01,9.469062746951543375e+00,2.521114209424503372e+01,1.136419462779329237e+01,2.570935851432195207e+01,2.426768335696775480e+01,1.743931391325025970e+01,1.807688559141174167e+01,2.086901560394881727e+01,2.112764903656150040e+01,3.174145073915412141e+01,3.064963788695288471e+01,1.711433668513480555e+01,4.928009776929770602e+00,1.133147622484712613e+01,5.022937340844539911e+00,3.348635243090383540e+01,2.600676588496441255e+01,2.689510216687675737e+01,9.669227795337754117e+00,2.344684242710120614e+01,2.255273105123557542e+01,1.723707717240381143e+01,2.544561467608269112e+01,2.609334818574608761e+01,1.796774883243492482e+01,1.652596507136122028e+01,2.454738690868630613e+01,2.033939262708391382e+01,2.801289764649206404e+01,2.700000000000000000e+01
1.642642505963657840e+01,1.607598508955232219e+01,5.682418881442647951e+00,2.626143863485009788e+01,2.854734514998371253e+01,1.949534369905908804e+01,7.133212047899978536e+00,2.822120940521874033e+01,2.916357798377114108e+01,1.457485201896337657e+01,3.221336395886169157e+01,2.154251745940970864e+01,3.700784316657922091e+01,2.057735932702718173e+01,2.859730202616392702e+01,3.026172355134103498e+01,3.251922342186855985e+01,1.524878876604055655e+01,2.947492874464745682e+01,1.704655915405574973e+01,2.559230977292489584e+01,1.272747424212294298e+01,2.825089895457711009e+01,1.758314585579394418e+01,2.987041482577517826e+01,6.540817195230664183e+00,2.549581563818464147e+01,2.861995667174596747e+01,1.845848598484185388e+01,2.147696224661935105e+01,3.319465355899222914e+01,9.166543743350487716e+00,3.222768027213207631e+01,1.596843430893627058e+01,2.752053425324722369e+01,1.837352781841856242e+01,3.218961745084919723e+00,3.027299156183882189e+01,8.310813228515094409e+00,1.570519417782781879e+01,1.532784719044425259e+01,1.446420371861030851e+01,1.250164552854133859e+01,1.442294729590083158e+01,1.072363629485277947e+01,3.013335147004708148e+01,2.459372698420207115e+01,1.334419513391040368e+01,1.733655604219053714e+01,2.078795950657960745e+01,1.420018846924892486e+01,2.610103051678241926e+01,1.780497452449463580e+01,2.671961622068226205e+01,7.130015129866285051e+00,2.130147429646918766e+01,1.477565995884682515e+01,2.337515180479818255e+01,1.711286080427949585e+01,1.736266963590876955e+01,2.817112195600149249e+01,3.093650102031967553e+00,1.535195917025254886e+01,2.589511036396877230e+01,1.120441029036611358e+00,3.665542714100406840e+01,6.950566096974669428e+00,1.687826962795889685e+01,1.852447601966854762e+01,2.103067730390940326e+01,3.746391475414844763e+01,2.267443736377528651e+01,3.517679575782651558e+00,1.516699677539092761e+01,1.877875241925410066e+01,2.420212935170348700e+01,2.781463888864139022e+01,2.792318159112074483e+01,6.715933006661842342e+00,1.627522393495313580e+01,2.800000000000000000e+01
2.196297707830959922e+01,1.850308436759270592e+01,3.405445774747682464e+01,1.931539112077561526e+01,2.437683263324371907e+01,9.138239794291888041e-01,2.025814251569442348e+01,3.174233086646154689e+01,1.365856250249878556e+01,2.019413482125872505e+01,1.784182892874136073e+01,2.579253832835709659e+01,3.120204016938760105e+01,8.252612002347623488e+00,2.651611713804716430e+01,2.365052957393384148e+01,1.479018345267592949e+01,3.107743914049778766e+01,2.493442627525911703e+01,1.443507476566169956e+01,1.350615785192362672e+01,2.521417755039053787e+01,1.904415900449397014e+01,1.732319246442936489e+01,2.846376622327489514e+01,3.399692179273166204e+01,2.468647213223003689e+01,1.065793697410678220e+01,2.199608070129396253e+01,2.712302356942808856e+01,1.758029176025328510e+01,2.605435943872560856e+01,2.992141010497026343e+01,2.291595887744623639e+01,1.500613485072985220e+01,2.076975099287497883e+01,2.541116986230159114e+01,1.553963533039859257e+01,2.512412396716181107e+01,1.726358920303203348e+01,7.871011019079334758e+00,1.753912410168790004e+01,1.387460272980381326e+01,1.660492865913302296e+01,1.733373025833452630e+01,8.043974032411034258e+00,2.942018763083718369e+01,2.964004805959459077e+01,1.987133896601983096e+01,1.675205745913925170e+01,2.484884098331435709e+01,2.971693482577134304e+01,1.645836914614245927e+01,1.788524262689247024e+01,1.952579614410240083e+01,2.166641759086954266e+01,2.415702021031814439e+01,2.371493999180390588e+01,2.945636944669568891e+01,8.263543303661984751e+00,2.075431977256702254e+01,2.464488389314415784e+01,1.224544733372793459e+01,1.553306574930439865e+01,1.262070590593281594e+01,2.776017642867629220e+01,3.149782914150331692e+01,2.424614887368828775e+01,2.246375562235958867e+01,1.353734260007820289e+01,1.646515288906891072e+01,1.585901784667523806e+01,6.057164198863709714e+00,9.969585421257416868e+00,1.148396779574533255e+01,3.359017965735608158e+01,2.866324936900890563e+01,2.445009391152501621e+01,1.768592715055874010e+01,6.707739717307051208e+00,2.900000000000000000e+01
3.063324557702960504e+01,2.144529081565115547e+01,3.168545495954737490e+01,3.930056751253675174e+01,3.515242535412941294e+01,2.298677378599543886e+01,2.637945297914111009e+01,2.281564098665118578e+01,2.936680086141873502e+01,1.663063242791633556e+01,2.976651413732454188e+01,2.925381735908421277e+01,2.794486978229918606e+01,1.700270633458608316e+01,2.015141521349784526e+01,1.767587599464782855e+01,3.637899083174910686e+01,2.571930320623599897e+01,7.694474705311926677e+00,2.180707526399653418e+01,2.662404264711766189e+01,3.440092620818646196e+01,1.895401958320739411e+01,3.225928881544501081e+01,2.235268345721263117e+01,2.808620497377160063e+01,3.453435517502462915e+01,2.257014001229301670e+01,2.560603023192902583e+01,1.887420292963263790e+01,4.014652423648307433e+00,2.999757764895775125e+01,2.515188621867799768e+01,2.357152404850757677e+01,3.134234719359869459e+01,1.140247156595349942e+01,1.525216677868779236e+01,2.236764572188356226e+01,4.992601645824663592e+00,1.776809333352867881e+01,3.069139997079241056e+01,1.773819558710046351e+01,2.400413885224003252e+01,2.458782096686970675e+01,2.337955882249963935e+01,1.161561627618138814e+01,2.133921444182871596e+01,2.107507234751770042e+01,2.058383783027072145e+00,2.264819836037908019e+01,2.890330071793142608e+01,9.910145785617460845e+00,1.786611136333781147e+01,2.049210363119119549e+01,2.093930578841927925e+01,1.201143114574257886e+01,1.830159947508571960e+01,2.563796764818789953e+01,2.206780227816286555e+01,2.459046944113136490e+01,2.543439087663933051e+01,2.952671287311792980e+01,2.894748465044350638e+01,2.742445985362446947e+01,2.187672037982306250e+01,7.113497465410332232e+00,2.655747118980913868e+01,2.781293888149879479e+01,1.819752641363585255e+01,3.607781882361566517e+01,2.619869975932746797e+01,3.356067374439152928e+01,2.764568843610347315e+01,1.399701084759362502e+01,2.355452749655443512e+01,2.328600850526444432e+01,2.126612555410842376e+01,8.065216868742201228e+00,1.401829040708144802e+01,1.098069851659421658e+01,3.000000000000000000e+01
2.758428071445379715e+01,2.623870550364200938e+01,2.533332813827758656e+01,2.675132522803510327e+01,1.984519242470034328e+01,1.108259373290936622e+01,3.674484736103948990e+01,1.914417544869464294e+01,3.494315676537191706e+01,2.255162167583768351e+01,1.438819971382630492e+01,2.806630742304895421e+01,3.039143831073671720e+01,3.804963233205511841e+01,2.126356313073821624e+01,2.863466905617368852e+01,2.304165401381846578e+01,2.778102777889479924e+01,2.178367569984179042e+01,2.054564868583972626e+01,1.964531461164325776e+01,2.950931414059050439e+01,7.926659639926199930e+00,2.825520813199100445e+01,2.316531620609627140e+01,8.026427802186370641e+00,1.178341395555086280e+01,1.067731753056485111e+01,3.366831886626096804e+01,2.939149700243760677e+01,3.282044203919857495e+01,2.220936276609459625e+01,2.437605104473707485e+01,2.210357051027668263e+01,1.505345037190396162e+01,9.485368438518754886e+00,1.942090878661909059e+01,1.954586182569976316e+01,1.778084375607641832e+01,2.991743090514728465e+01,2.940909477341689993e+01,2.062535427363540563e+01,2.327255159463366496e+01,2.369586739348731541e+01,1.856536641848002844e+01,2.742489155585834482e+01,2.367975695906014977e+01,1.333695617421963497e+01,1.733931515724949790e+01,1.002778106676731973e+01,2.328011093902945206e+01,1.600751521757572249e+01,1.492078012140672527e+01,1.680742755047141657e+01,2.694365181392637609e+01,3.214739343752486889e+01,2.173806083584820215e+01,2.568672020707679593e+01,1.469025346097389573e+01,2.660252410078940599e+01,2.161555405121970352e+01,2.554836863804921521e+01,1.994396805995861754e+01,1.564446711191823525e+01,3.169048299346030362e+01,2.224193550972810840e+01,1.577500955055109522e+01,2.105243706037175500e+01,2.332163242795396840e+01,1.615622465960473519e+01,2.568157421092452708e+01,1.559320012671872924e+01,2.519041184067302552e+01,1.390039431450393437e+01,1.342221578114616776e+01,8.568283448624208987e+00,2.187029174661667597e+01,2.442776488660596357e+01,2.794782792825745332e+01,2.739791390909338276e+01,3.100000000000000000e+01
2.771057686502830109e+01,1.790308994915607954e+01,2.912152625346379153e+01,1.991985730962734280e+01,1.522882960147234321e+01,3.311415966236409503e+01,3.340883692853891773e+01,3.207965798108619282e+01,4.459038945957796329e+01,3.045879522952053264e+01,3.358405449772687490e+01,3.219527303619187109e+01,2.490264856226840351e+01,1.822093891442181857e+01,2.584861544664557087e+01,2.692565686533824021e+01,1.942889263795839838e+01,2.852974122166415327e+01,2.145607179123019037e+01,1.789020926128532452e+01,3.687158227003433808e+01,2.894449554844130290e+01,3.107051258335447841e+01,2.387070908214008469e+01,2.887257675396028134e+01,9.288553597251565819e+00,3.097986361701963531e+01,3.248251198063448442e+01,2.744694936968200949e+01,3.367686985498264818e+01,2.062439151940246074e+00,3.393098653069629478e+01,2.567503875496174714e+01,3.145857758596930154e+01,4.077870877839200148e+01,2.936522276754696392e+01,1.843815684938597244e+01,9.795738749389139244e+00,1.890999999445388013e+01,2.440085467212103509e+01,3.496687393944522881e+01,1.133573882965748680e+01,8.384122939503422245e+00,6.061188434930398827e+00,4.744172923734311098e+01,4.178913178280786234e+00,2.957195602233660026e+01,2.644701372557220154e+01,3.314990737831269030e+01,2.424125214827537533e+01,2.730494444093314499e+01,3.634228404409075353e+01,3.010362794748665749e+01,2.342525846265641221e+01,4.493175991359121468e+01,3.240658647790628066e+01,3.217824683482056969e+01,3.796477538585231848e+00,2.428006566648300435e+01,2.942661854758670703e+00,1.757582786439276035e+01,2.854372352731870421e+01,2.155792445843462701e+01,2.821047424491490929e+01,3.041369992745844186e+01,2.246872987890391471e+01,3.032165043060097531e+01,1.399977692504450211e+01,8.808833102688080174e+00,2.093935102758340960e+01,1.268013922938304283e+01,1.969212781397342127e+01,1.007460225599691839e+01,2.348634181721726222e+01,1.125650012537561295e+01,1.472213808503853194e+01,2.469062478822387519e+01,2.628866818476569023e+01,2.577437369221381402e+01,2.919752524551149264e+01,3.200000000000000000e+01
3.209210165271517212e+01,1.526220138217894551e+01,3.125137605651780603e+01,2.093531581043378509e+01,2.647467535344470235e+01,2.003416117470317559e+01,1.533379412927983232e+01,2.549158431582905848e+01,3.279632543209670104e+01,2.902982297000778189e+01,4.104763158555610403e+01,2.520065942222291966e+01,2.788040496739294127e+01,2.533247607629180109e+01,4.242686795503247055e+01,1.514956225755459762e+01,4.356260151559003901e+01,4.678388515494090960e+00,2.589245225860607746e+01,1.437018496190922434e+01,1.197508706860214822e+01,1.035314210378875188e+01,2.994176921316521600e+01,2.846728691521720833e+01,3.101102546748267130e+01,2.371168558040130137e+01,3.222579281128754047e+01,3.442693399624403128e+01,2.747942458302730984e+01,8.200034647587539638e+00,3.203217613910750572e+01,3.001594979853064871e+01,3.090969759628426772e+01,6.186734013152841882e+00,8.822964335663774804e+00,2.878129359136386611e+01,2.176143726162269232e+01,2.258507249269374029e+01,1.428217445820084031e+01,2.419025278353390007e+01,2.703336159555126628e+01,1.932661248892605244e+01,1.589507784689075720e+01,2.933748101970959965e+01,2.364495455889012376e+01,1.538739028471963977e+01,1.587247807413057465e+01,1.049994306947300338e+01,2.652179757966892382e+01,1.686057797095439881e+01,9.138918040116344343e+00,2.515860988584131164e+01,3.413446047766341707e+01,2.409003532494983801e+01,7.677844398753121524e+00,2.230825317178399914e+01,4.085888153943310641e+01,1.393221356753972806e+01,1.863688745732020990e+01,1.091960555159337432e+01,2.876126986275527742e+01,2.016053770166940140e+01,2.003840690882340070e+01,8.332479221239925238e+00,3.107022860341102088e+01,2.964248720794106262e+01,2.561794825587553959e+01,2.082392180418525385e+01,8.830192095838212296e+00,1.655701856954140538e+01,2.836176275052106277e+01,2.730910052019522993e+01,2.004908922478471567e+01,7.089929964004729079e+00,2.189119787056015198e+01,2.569444588370908633e+01,2.512524026702493174e+01,6.350875851985250620e+00,1.771632473823720844e+01,1.928337002192867544e+01,3.300000000000000000e+01
4.019142348355322270e+01,3.808297540788122149e+01,3.006092411391946939e+00,3.094993714180532507e+01,3.326746334043181008e+01,2.330098788244057673e+01,3.422225883919056599e+01,1.443067092220984371e+01,3.032052395217225893e+01,2.956127268587614054e+01,3.389198984135848747e+01,2.824082292961256968e+01,1.685725358835981780e+01,1.705086876409493968e+01,2.590905850594690563e+01,2.865569794489313793e+01,3.227229020870800724e+01,3.062474431396288210e+01,1.919926464543330979e+01,1.195422086757995928e+01,1.817886456595205402e+01,2.493118029901037858e+01,2.573152094915343113e+01,9.262607105298176435e+00,3.551949961199320427e+01,1.785143378103870049e+01,2.506348318089359850e+01,1.364428156550972382e+01,2.177445464454376634e+01,1.056146670772612595e+01,3.365932636304685843e+01,1.558512816554814684e+01,2.788971027615728104e+01,2.286374712075414095e+01,3.171477294702639327e+01,7.377763364147484459e+00,2.108170745231911525e+01,1.498853916543438736e+01,3.506896620885829918e+01,1.302192948559851438e+01,1.393891091589671483e+01,1.255058751860044097e+01,1.206464006799733468e+01,1.500792493159706353e+01,3.480368461114424328e+00,2.025041067091825298e+01,3.498830464969177712e+01,3.330614760616477810e+01,6.859045032775835438e+00,2.779783119988079321e+01,3.192501260677525465e+01,1.991492037554587213e+01,2.180915628802853234e+01,2.117957824064594519e+01,2.148538665478160326e+01,2.863594111760233929e+01,2.613414837587079376e+01,2.603887215643932862e+01,2.994710839067557373e+01,2.516887094994897467e+01,8.729117492796749644e+00,3.464446880684463537e+01,2.803371248042828157e+01,9.836855688158706812e+00,1.546145147822691790e+01,2.238853134476860163e+01,2.105340613596447952e+01,2.581531928090045369e+01,2.439009549188064696e+01,2.662014989190958758e+01,1.836997156333019632e+01,3.676937862058080952e+01,1.206790353427782847e+01,1.209345218358996021e+01,2.817226200272027725e+01,2.224161157382070186e+01,2.972152557472553269e+01,1.684060887464398704e+01,4.447128921059339746e+01,2.335435646438802593e+01,3.400000000000000000e+01
2.553711109433751503e+01,1.131875083581466335e+01,2.637719468014279300e+01,3.165314177034566612e+01,1.115469497825008816e+01,2.196392218295694931e+01,1.915004209542285807e+01,3.371209755522538387e+01,1.030469398005356396e+01,1.814279154248494663e+01,2.298201009216635526e+01,2.576485580562812316e+01,2.104149926317060704e+01,3.024201186331553615e+01,3.265494523593703491e+01,1.864704298375132652e+01,1.968649243590938269e+01,7.351218830410783944e+00,2.094273926733959357e+01,4.154890474088898600e+01,2.956952711749227092e+01,2.245775071235929943e+01,3.341834333672348833e+01,4.302848812051706062e+01,4.153509619572878364e+01,4.128911307064552005e+01,2.363514559545540905e+01,3.646227003789138621e+01,1.546061262648547086e+01,3.630703786719094239e+01,7.811627809459716687e+00,2.043237442901279977e+01,1.997516462922947156e+01,3.715105937171897921e+01,3.060021958454481350e+01,3.460210956234619317e+01,8.472938609119204045e+00,3.329225292088404586e+01,1.317130281832079319e+01,1.122362484820003381e+01,1.006387921409897501e+01,1.848204228225746348e+01,1.962484374052443314e+01,2.406405447363797734e+01,6.499024054110279280e+00,3.300676928641200902e+01,3.136204099269982137e+01,1.439640055594632173e+01,4.174896564653180064e+01,3.071082620083531722e+01,2.841332473077861920e+01,2.963637240421908103e+01,1.199363633829518072e+01,2.616168268991126666e+01,2.982739931676212564e+01,3.009324088053856272e+01,2.809070184302480655e+01,3.255490144976615596e+01,1.555469741379954485e+01,4.617132470294875901e+01,5.026411472148708981e+01,2.450619092335948324e+01,2.682572779776968375e+01,2.671667827126227479e+01,2.429277982360440546e+01,2.955790938334195417e+01,2.619048219143893519e+01,2.629680703805243880e+01,3.504512772461964687e+01,2.002658048176489203e+01,2.083702104513080755e+01,1.978257726007710460e+01,1.319940539638647437e+01,1.442953258047273257e+00,2.351433568241514749e+01,2.101739321579147202e+01,1.438341877682604952e+01,2.672848199000774017e+01,4.005748818100453690e+01,1.211432517401203235e+01,3.500000000000000000e+01
2.618680785731042704e+01,1.685833575828790032e+01,3.551127558776006055e+01,2.820571643072508294e+01,1.526201114867389741e+01,4.176880078134986007e+01,1.337360994591571206e+00,2.863763869559500463e+01,4.728953933831545697e+01,3.635332887728719697e+01,2.162876061224383761e+01,2.617289333974730781e+01,2.069010828484255171e+01,2.864275285209977184e+01,9.790333996316073595e+00,3.934058222202818911e+01,1.185836503742265613e+01,2.463218479794156934e+01,4.090433937455000546e+01,2.500837851618272012e+01,2.996227850676502769e+01,3.330055616597528001e+01,2.176558158173560287e+01,4.579502370991993132e+01,2.954476609258902897e+01,2.376102724209945549e+01,8.699674697626464948e+00,4.299012026327957159e+01,1.858759628792877550e+01,2.498828393861899144e+01,3.563233065732774207e+01,3.422381542792957987e+01,3.635619648707957197e+01,1.049988166994536876e+01,2.957737619765633852e+01,4.205551863116578915e+01,2.252220206468473762e+01,1.074408313028051865e+01,2.618026157000756271e+01,3.871808257069735504e+01,2.624683103671160112e+01,1.959233709609640428e+01,2.114320479918715279e+01,2.336023185176770056e+01,7.142856158432762115e+00,4.957593287356498735e+01,3.319627292998099222e+01,1.230189302170628629e+01,1.245658400985021608e+01,3.330986037804682098e+01,3.747882908066481633e+01,2.518440394611840549e+00,4.762094094623166285e+01,1.999571530639276418e+01,2.977837234703911307e+01,2.737796164415674127e+01,2.587385050022601263e+01,1.396701936171356628e+01,4.146786459294926885e+01,1.465074379263506366e+01,2.934932144606198534e+01,1.213776605905003869e+01,1.208125349184049213e+01,3.547315313597980690e+01,3.833140583648860655e+01,2.437843576595170347e+01,3.774355885216296969e+01,2.943502788003108961e+01,1.849684620778232969e+01,3.220222976954083549e+01,1.055100915892997548e+01,3.515210279757945244e+01,9.563896388693729378e+00,1.575610773431975709e+01,3.692151960859985138e+01,3.834071729558080222e+01,2.097091812811163081e+01,2.554186371910616771e+01,8.183832776934393038e+00,2.480017306208729977e+01,3.600000000000000000e+01
3.379350283609794303e+01,3.411423241693290009e+01,4.114103444546301347e+01,7.024418560066918005e+00,4.314933633294456428e+01,3.545470430266669126e+01,1.270900305184058077e+01,2.250259550586157786e+01,1.301955838472620108e+01,4.506769037879428907e+01,3.577578778768241108e+01,3.852368268167896304e+01,3.440975155999041135e+01,1.286656338609985006e+01,3.301976206754358323e+00,3.551951391700921334e+01,3.686736295898768390e+01,2.318584410966347065e+01,3.238794837034700436e+01,2.526668732339484436e+01,1.920508978894413232e+01,1.382984817658356924e+01,3.600631773160241522e+01,2.741976527608269976e+01,5.983325111297366661e+00,8.711623105698192759e+00,3.136544561522942587e+01,9.256459440224967139e+00,1.939799385671832610e+01,9.021406187293431245e+00,3.432928783093324654e+01,2.982840193143332375e+00,1.126691872826373597e+01,1.882802141956700481e+01,2.291084911757391751e+01,4.369253697270613657e+01,7.363951305657947088e+00,4.689152340317821910e+00,3.249756466782110920e+01,1.394392278485056558e+01,5.317345680709953371e+01,4.625037301833605596e+01,3.654053847486161999e+01,1.246515004475999966e+01,4.201094494571703564e+01,2.484615392378266208e+01,2.472361146693130252e+01,3.174423325719487110e+01,9.565519962143520516e+00,2.103769016499162348e+01,3.974677290971347077e+01,2.667688627852211170e+01,4.581367388562902221e+01,2.577857987917681371e+01,1.657750326765232529e+01,1.819325429598986688e+01,4.119278661813393683e+01,1.087709531993403900e+01,4.413953140359916461e+01,1.531856667419508078e+01,1.827003315267334926e+01,4.764979463381148150e+01,3.460955139088288490e+01,3.757352539452152485e+01,4.727467631915072133e+01,4.792913277767201663e+00,7.620543807220194310e+00,5.033913530788883861e+01,2.260620735619819044e+01,6.032690941419776465e+00,4.577470364885746790e+01,7.701423133811219124e+00,2.126450842061696633e+01,3.211502606539423255e+01,1.691079746420155772e+01,8.906670789908833541e+00,1.698922316660320675e+01,2.364038292390363694e+01,1.676641378400447024e+01,2.272139046972491627e+01,3.700000000000000000e+01
4.095733038077700172e+01,3.902190209239188334e+01,3.302643745218421145e+01,3.836622392546138371e+01,3.525000656870174964e+01,4.030288355620802321e+01,7.048959692314053171e+00,2.366511180554834226e+01,4.410567151589641099e+01,8.096558135121593835e+00,3.034750882654063275e+01,2.074774687911711624e+01,5.162725124840915925e+01,1.540794432279315984e+01,3.097010257192351901e+01,2.282592353275398978e+01,3.293203493552221062e+01,5.336119337808347041e+01,1.403185468222359589e+01,1.399850637546836474e+01,3.029363458886139782e+01,2.658362760106031075e+01,4.141216196907102898e+01,4.410052057003635895e+01,3.250222272760800735e+01,4.951413754440511639e+01,1.679734978527017120e+01,3.189604540368040730e+01,1.368475787883552819e+01,3.808692552066189307e+01,1.483076323583940770e+01,3.884490056372591482e+01,2.795528651030420164e+01,2.543388913607978097e+01,3.996981554620720090e+01,3.681402534002521776e+01,1.110866471739237049e+01,7.829613805999170673e+00,2.889983423033396903e+01,1.327817232168036554e+01,1.764236867126654573e+01,3.347603856833642766e+01,1.391735575987711115e+01,2.631123140370780433e+01,4.059887666230240910e+01,9.239844919965108261e+00,1.071439277123742784e+01,9.450324068935110233e+00,3.677041312973481269e+01,2.776343471525412809e+01,8.652884620968562146e+00,2.001510528559324342e+01,3.200702689573386550e+01,7.432317226869190385e+00,2.690899062215020976e+01,4.442709879382942972e+01,4.087799597904523097e+01,1.750256596526860164e+01,4.494982525173183774e+01,2.099159322131450622e+01,1.725030356708297674e+01,9.387216190386482140e+00,1.184007443977089302e+01,3.960269934937784342e+01,4.124222657317744734e+01,2.585266223779700923e+01,1.482283005253452401e+01,8.915032826884335293e+00,4.295173569069130082e+01,3.913466399878146262e+01,2.033024253496027001e+01,1.766718650911984767e+01,1.439237043296005325e+01,3.441773084211620670e+01,1.264924657601052971e+01,1.470315104035849352e+01,1.731116590510197284e+01,5.928224274111753545e+01,5.125674782578050781e+01,2.750265665703528484e+01,3.800000000000000000e+01
3.268454413558671945e+01,4.946472407374118063e+01,2.812549514788595673e+01,3.995044183746956890e+01,3.322230190001859995e+01,2.349022959161409219e+01,9.437016864141298811e+00,3.921711310198989509e+01,1.984089994935628809e+01,4.075883196548405607e+01,3.791370463506264343e+01,4.151518943324190758e+01,3.917702376216919902e+01,1.100501900104681852e+01,3.668244724769026277e+01,1.664521950733201550e+01,1.724660994379710388e+01,5.156877890917002816e+01,8.737190245450610959e+00,3.150557560285726666e+01,5.249681486868580294e+01,1.951232878798282044e+01,1.221744500053813631e+01,4.443815595918669459e+01,4.051575369714728225e+01,5.893349887192165681e+00,2.634421743720918485e+01,7.780091989862730983e+00,2.876508366575232856e+01,3.562528256252210213e+01,3.478431943431850470e+01,3.492079050226656278e+01,3.570330481649725840e+01,2.225119568045984053e+01,2.773019292881937758e+01,3.491508753574880330e+01,4.686427367474919237e+01,2.403840285788350783e+01,4.446773691697573838e+01,2.547230716984460841e+01,2.813806018894344874e+01,1.744202004978343012e+01,1.807476400342519440e+01,3.806795181714296206e+01,1.375158817532548561e+01,1.223123254503176405e+01,1.139082801448968141e+01,1.285086041646765942e+01,3.553799865221211718e+01,2.372146112860146161e+01,4.402721239428668554e+01,4.413391020152555910e+01,7.397762458424302245e+00,3.503226601685008035e+01,2.755380574319574549e+01,9.232386971799705577e+00,2.646982130834253510e+01,5.765700073107369761e+00,1.772434019043556219e+01,6.778866504703923823e+00,2.578602092163085224e+00,2.654343137267314745e+01,9.177417158334156611e+00,4.487074146342360592e+01,2.259717580991179986e+01,4.282172504183083106e+01,2.962591404506063242e+01,2.563488548083134333e+01,1.427258002038605156e+01,1.479904188250279873e+01,1.403770739476608931e+01,3.908198586421572429e+01,1.950199010689010359e+00,2.707465518982452224e+01,4.944180640980079744e+01,4.399904663906405489e+01,1.717565456647583133e+01,5.820295158304804595e+00,2.726587599720290100e+01,3.779187139219497027e+01,3.900000000000000000e+01
3.412692032099293726e+01,3.927040984387765832e+01,4.693574268097171398e+01,4.381034267265123106e+01,4.605509235147906821e+01,2.556442336707234020e+01,3.048090905972879838e+01,4.935635204498822048e+01,2.474614688499886128e+01,2.399414591287667164e+01,4.279781890501923414e+01,8.715757657001589109e+00,4.872227864552629484e+01,4.623533647425794157e+01,2.887064261841869595e+01,4.931868334955620981e+01,3.497457176040536186e+00,3.565440546792160603e+00,2.949981856014311887e+01,4.205046666255570642e+01,3.751710640621399051e+01,4.335092294456836015e+01,3.664218282476493016e+01,3.074620137582128976e+01,3.306716357911928128e+01,1.769048463969813056e+01,5.890049013543476875e+00,1.026744625453290283e+01,3.780264854255413809e+01,2.443964868216491482e+01,4.330351000539555884e+01,4.334360290136034877e+01,7.490551356093242852e+00,2.277110865514207916e+01,2.192806138925877946e+01,2.363950393146535944e+01,1.744207286967478865e+01,4.773733061539624600e+01,4.489548592830633567e+01,1.844092593452322504e+01,3.145778498122108147e+01,4.170191684542808019e+01,1.401504828176694595e+01,3.254528605578956757e+01,2.195569303310263365e+01,1.040212699780178163e+01,2.452283374083889456e+01,1.816022330389774808e+01,4.576532589940434548e+00,4.686934485663710603e+01,1.478455142388172483e+01,5.179675017122659142e+01,2.011942880484675911e+01,1.243960374377209854e+00,1.141839143450184224e+01,2.773830446497377977e+01,8.363614248193599110e+00,2.289567017560501938e+01,5.757507419083900402e+00,2.420521598770463001e+01,1.818520672690139506e+01,2.486836706321732748e+01,2.653710480784747006e+01,1.897865330809921502e+01,1.097684240358610097e+01,8.634549901926136251e-01,3.131149368568205205e+01,1.822713702496823274e+01,1.749615028202037692e+01,9.562539524236878918e+00,1.148607547886816249e+01,3.391839265606972020e+01,8.501859245288599709e+00,8.236923840272707409e+00,7.143831399787305969e+00,1.675001643610352886e+01,7.833394989007504527e+00,1.508772796933426541e+01,6.069647259224911551e+00,1.326256450633345629e+01,4.000000000000000000e+01
2.971064923573532468e+01,2.034049397895085320e+01,5.059647138603553884e+01,3.945474594696790405e+01,9.991623936628263536e+00,8.496822783802292278e+00,1.608689279226946311e+01,3.958084381079658698e+01,4.108812663553369049e+01,4.945980366085895241e+01,4.355870870772233161e+01,3.805988334263299322e+01,1.528453499885488576e+01,4.617851660677876424e+01,4.878637722583498260e+01,3.085940285150561380e+01,2.175434958931374396e+01,5.712736499012055269e+00,1.461285891040969886e+01,4.626855549945936730e+01,1.953145692850287318e+01,4.546156761622619058e+01,2.117318897986352866e+01,3.316463554994084717e+01,5.373906367125020012e+01,3.196527422863537993e+01,1.524582051108267677e+01,3.336822122873452656e+01,6.640583486316181450e+00,2.230249553688771513e+01,9.965425154764288251e+00,3.514566227993649505e+01,4.771284972264541735e-01,3.583790709083714177e+01,5.178953225957765483e+01,4.152756675231947980e+01,4.689442030054072319e+01,1.822731394115666603e+01,1.800931717919235453e+01,1.817493916084951877e+01,2.908515488625854406e+00,4.825076863594414078e+01,4.497186882229245697e+01,3.393807472471034714e+01,6.839004994694949602e+00,1.026233852574682714e+01,2.146238739947655816e+01,3.866801929050596609e+00,4.918142788769781504e+01,5.056937564708783839e+01,2.880282161069055391e+01,4.176390722191206351e+01,9.399459355635611857e+00,9.307263070207469013e+00,1.835309572795671684e+01,6.219343507735609400e+00,4.641006414133817515e+01,4.863323340152138741e+01,3.037214560542125596e+01,3.801302872683722711e+01,4.174529990413871872e+01,4.921403549204726779e+00,2.876388536390957285e+01,4.510525987280998095e+01,9.963596678922730376e+00,3.799599503654698651e+01,4.640457753960244958e+01,6.422606151103271266e+00,1.594826350883659671e+01,1.158311744988737857e+01,2.712240707266617790e+01,1.113731678767023325e+01,4.032291547825295197e+01,4.132932961857629550e+01,3.410266929424422955e+01,3.108519302226673986e+01,9.048993366706659103e+00,4.658995446480011537e+01,3.851314612616468480e+01,4.134971417585320808e+01,4.100000000000000000e+01
3.627986043364959556e+01,2.201986882978133409e+01,1.587804557219706680e+01,1.095133681743936904e+01,5.277307866126638203e+01,1.295399638090919048e+01,4.087763527390389839e+01,3.641039885281723798e+01,4.180218270755540999e+01,3.845115907380027664e+01,2.463493125651214655e+01,3.367483172719709472e+01,3.777819478925856345e+01,3.521398001525901122e+01,3.826293163158977961e+01,2.669568986086122564e+01,4.091535618638904737e+01,3.357110016653312812e+01,2.195381339878516869e+01,3.291455604278490910e+01,1.774607056648777714e+01,7.330326000842531720e+00,3.767870356417127198e+01,4.314306727694349775e+01,4.428440618453837629e+01,9.493048827348371077e+00,3.988443313879602670e+01,3.780306462719953942e+01,3.854836442910592353e+01,3.814689048705587737e+01,9.708033467117511250e+00,7.546314996426726651e+00,2.890455787987206193e+01,4.471228086732374862e+01,3.592688194645361932e+01,4.226535359641626854e+01,3.051189414164703351e+01,5.021412847510849531e+01,1.511753269047221693e+01,8.902105603646743859e+00,1.184849289750053281e+01,7.567422000426485162e+00,1.444761594734566579e+01,3.457848002836245627e+01,4.256468047665060794e+01,5.829102254918013593e+00,3.424137982763498655e+01,2.477899898360387709e+01,3.133870927821853769e+01,3.778439599777316715e+01,2.177615528884971496e+01,1.140649238448949987e+01,1.336322210119185350e+01,1.285757927208374340e+00,1.910558675567487086e+01,9.632730318728521368e+00,3.488057882374060625e+01,9.552890874136897637e+00,1.682097544209482720e+01,3.144168912200612453e+01,1.506270829310326498e+01,5.212303224036907068e+01,3.664409584739008352e+01,1.671157874995659043e+01,8.943130942839328412e+00,4.258214017270217511e+01,4.177394040396120545e+01,2.827217718032436267e+00,2.096429431094039586e+01,2.652896944341172514e+01,2.823325762871773748e+01,4.515597683904118043e+01,2.035227987331680666e+01,4.643996106877442287e+01,3.968083656468703424e+01,2.263235943793539207e+01,9.110587187800712528e+00,4.839983201961876347e+01,3.923823527548001522e+01,7.588503826156657084e+00,4.200000000000000000e+01
6.517330919962470936e+00,2.138592712148870234e+01,3.410936066570580749e+01,2.318232524610911938e+01,5.168054848349669328e+01,4.535665858545407048e+01,1.843274439965753686e+01,3.132213004894893871e+01,3.717040500131918179e+01,2.855558280242474112e+01,4.674855668475886006e+01,3.430649763812149899e+01,2.398473267537461595e+01,3.538383675900998782e+01,2.905874782669542356e+01,3.777056016755776824e+01,3.680760303145300583e+01,5.924252086588275290e-01,4.334434300165284526e+01,4.732796071729302056e+00,3.126601899886793845e+01,3.153399926491568195e+01,4.610800474085539946e+01,3.273338223482313225e+01,3.796048755410502906e+01,5.925622282666377316e+01,7.495134947265531977e+00,2.857248806225209847e+01,1.001312803814031760e+01,1.947419187225405324e+01,4.466204720470549461e+01,2.133157432282013843e+01,1.342964368602089209e+01,4.471253383930982750e+01,1.493804538769582635e+01,2.040781062685664438e+01,3.971989669340612039e+01,1.975761845142535478e+01,5.084071614975411535e+01,6.121448226509974333e+00,5.188646875678460901e+01,1.682530956947668344e+01,5.032331890359167659e+01,3.352050239739506310e+01,2.812794819895704990e+01,3.766209656311995246e+01,3.029546944903900396e+01,3.625158114890668770e+01,9.068884991973551024e+00,4.417829052815005042e+01,1.410279980905295538e+01,4.778924821096439501e+01,1.810484193106207584e+01,4.182672180788314620e+01,2.755741251565578764e+01,4.091348669489664758e+01,1.010148187525169661e+01,1.016796558072953438e+01,4.466096378780852660e+01,1.252657886848660773e+01,2.663479887040527316e+01,1.761746417292637545e+01,2.927417746795783771e+01,3.818519380771552818e+01,9.178003246039446950e+00,2.585562488544199056e+01,3.101060237366110073e+01,3.618061502473520363e+01,3.398541144773741962e+01,1.331776310949362241e+01,8.950560386355903120e+00,4.344819889802176505e+01,3.530424353930460057e+01,2.960365910736151918e+01,1.790872975946587786e+01,3.011488928337118054e+01,2.687747361239015476e+01,3.744769271386031306e+01,4.982233673002038898e+01,2.773263406271340159e+01,4.300000000000000000e+01
1.696477907302342913e+01,2.069015104889555090e+01,5.077830843735391397e+01,5.188440304721122942e+01,1.278902637520977947e+01,1.444169174563351277e+01,2.382077173035964535e+01,1.242363441472338970e+01,3.079360173140279144e+01,3.981237470014688995e+01,2.152284347389035091e+01,2.382859485347435680e+01,1.261581806086924118e+01,3.717000128324130515e+01,1.434329048910342053e+01,3.338901356840699464e+01,1.486015736919166130e+01,3.318962647423404633e+01,4.649002233036931386e+01,9.703783418009271244e+00,3.654576375162140067e+01,3.010601411783934722e+01,6.988712026664706478e+00,1.650695219923167700e+00,3.016571972745028418e+01,4.747040733631545351e+01,2.656532226103210093e+01,4.554712363294886046e+00,3.795141009440826707e+01,3.857332967275286961e+01,2.650473014627879209e+01,2.309704237936786342e+01,3.439240605975624021e+01,4.378154790419755216e+01,1.449916348306285840e+01,2.399719276663536505e+01,2.539287442127368521e+01,3.065879623650273444e+01,4.561725358279655040e+01,4.636727941361392880e+01,3.791397867715843084e+00,3.521205574060703469e+01,4.304014114666603064e+01,2.904940155658433554e+01,4.078182866981340027e+01,1.067248216363969604e+01,4.890359440329732621e+01,4.227967959006314658e+01,3.742782729204072467e+01,3.839278283381240442e+01,1.277688918778794758e+01,1.721990469497738019e+01,4.663539593882005008e+00,2.948677421729483683e+01,4.374422397437816024e+00,8.897588435995583467e+00,1.261985025804688476e+01,2.874339098459759612e+01,3.190873356949365913e+01,5.323904236346288954e+00,3.151052544652099385e+01,3.642271990487914479e+01,1.694127211352581597e+01,2.709065409072749020e+01,2.739331157846945075e+01,7.508703151198525383e+00,4.762736193693056919e+01,1.299495419465473489e+01,2.062973616477555083e+01,1.438298317603096699e+01,3.290310533220691980e+01,2.214214484172166308e+01,7.566165226594583793e+00,3.090671787992152275e+01,2.400786071522735554e+01,3.804766797318054472e+01,1.524764325002525567e+01,2.442158000675138751e+01,1.047729471805731549e+01,1.782380726655248049e+00,4.400000000000000000e+01
2.576865966304956146e+01,3.610050700657880896e+01,4.620229427289157087e+01,4.669615399363236463e+01,2.216032344355573613e+01,3.688372663794633155e+01,2.679544116749876181e+01,1.272143493983143614e+01,3.426306896697278859e+01,4.196910989945951798e+01,1.268867595719639496e+01,3.606602839849774966e+01,5.575863737924372288e+01,2.431721244221990474e+01,2.262768277411250750e+01,3.142993529766086169e+01,3.792568537772828563e+01,3.576284708245217558e+01,2.572259049686362076e+01,7.501887791182245913e+00,2.141964796633026680e+01,1.257974800789640568e+01,3.139484079043878140e+01,3.802872705659467556e+01,4.347031358323989991e+01,3.609407709662545471e+01,4.440979634623399619e+01,7.081262536593309065e+00,3.944172166853132921e+01,2.351803676947018573e+01,1.550313353209341649e+01,1.075003433388333995e+01,5.496907844744671934e+01,4.933287632086773300e+01,1.788197723976244191e+01,1.500633676725028565e+01,1.301000737320571687e+01,2.145137828159589333e+01,3.602571944787283087e+01,1.891654587336239146e+01,3.722870026585282233e+01,1.876933995793142884e+01,1.219050681751612863e+01,5.185518749729823185e+01,3.225376647362551097e+01,4.701074503626342960e+01,2.381273672469614411e+01,1.169293602128265830e+00,2.351983029335828590e+01,7.646082936653825435e+00,1.210729397430579901e+01,1.312676342910779859e+01,2.470960755645357221e+00,9.351758137625271416e+00,3.479385572616682509e+01,2.839166568796801471e+01,2.519323605882447836e+01,2.124186465994175421e+01,5.264316128477839385e+01,1.482155736400843971e+01,2.966425449880349063e+01,2.592184702233139149e+01,2.852118341870905383e+01,2.017197316788464079e+01,1.222066920994686257e+01,2.977655369865443902e+01,2.376633211777841481e+00,3.615706675868936770e+01,2.650035463790716861e+01,3.488096792212879649e+01,1.221630813603111498e+01,3.053273828047926131e+01,3.698845871333521274e+01,2.801970683936853845e+01,8.664331427559055498e+00,2.400436764705107962e+01,4.817278139664995962e+01,3.887267485244043996e+01,3.741645096952600369e+01,2.946605191680120228e+01,4.500000000000000000e+01
3.934994554023009528e+01,4.319179569774057370e+01,3.823483316648331254e+01,5.559026375158899214e+01,3.726145516729935547e+00,5.341298668806449967e+01,8.317675291388402670e+00,2.648038050083707162e+01,1.938593823881280542e+01,2.997357662225045871e+01,4.116279027573661864e+01,4.509358368547828633e+01,3.342244169943064236e+01,2.839126653131479117e+01,3.794967396323834663e+01,3.400592384969483817e+01,1.793836310352614305e+01,2.491036989153931458e+01,3.269779820638571977e+01,1.969582594542912446e+01,4.116317092295671642e+01,3.420553938424531282e+01,2.866396446544746723e+01,1.319466434327522641e+01,1.714680645624884292e+01,4.438781165069583778e+01,3.099362496220739160e+01,5.576646293611327820e+01,7.164569516927079107e+00,3.608084857787686417e+01,4.211511208772608938e+01,3.635180793470436811e+01,4.191186880504142920e+01,4.934390667539291542e+01,4.686338109243121863e+01,2.002878867761153359e+01,4.320934314776358320e+01,3.021280313160543329e+01,1.430455551763486177e+01,4.954959521778329901e+01,2.600600765420412852e+00,4.600932956467973867e+01,3.635830045224648188e+01,2.380969580632620008e+01,4.241697656628311108e+00,3.110081304422559612e+01,2.993224765784372110e+01,4.372448853582702100e+01,4.404107038057566648e+00,2.646232246258739451e+01,2.264839733045814896e+01,2.386647970324000667e+01,7.396720120315026570e+00,3.518326715442582753e+01,2.887784033298895991e+01,2.487277025009695208e+01,4.415748321468840665e+00,1.125491444189946577e+01,2.852832629484439764e+01,1.433978141505927617e+01,4.121257947746348549e+01,2.753073313900048547e+01,2.928796446488527394e+01,1.190401679001762147e+01,7.350455737969267211e+00,1.913090796029282359e+01,2.864605629138166876e+01,3.429776244940306640e+01,1.679416278531111573e+01,2.842232394855220790e+01,4.043906017898247285e+01,1.612585971814236885e+01,4.245146113709012781e+01,3.954040923141331376e+01,3.127551672196431198e+01,1.548699567368650420e+01,2.182409780332103466e+01,2.112058259946308780e+01,1.180630332005044281e+01,2.052310049792724200e+01,4.600000000000000000e+01
6.523319113470696706e+00,4.924338831485403034e+01,3.272933036772486304e+01,2.115847274066253547e+01,1.770143006705524158e+01,4.381209665204890058e+01,4.204729024925024561e+01,2.734233280934508770e+01,1.277237331054703517e+01,2.291760636725874534e+01,3.616135448257583818e+01,4.237601438760021466e+01,4.785615199887539717e+01,3.792827287441227213e+01,4.929605237221880998e+01,4.544915551213826177e+01,4.618342080716833919e+01,4.396769447179297963e+00,3.894430508120930767e+01,3.157008319145043274e+01,8.994035441655299223e+00,1.636026614775529708e+01,1.261900761859871700e+01,4.140325802072118222e+01,9.112887396608046586e+00,3.570573776381758790e+01,8.871836420680788038e+00,3.467028615167053829e+01,1.029144041579892921e+01,4.248263733317119772e+01,4.421215815945712535e+01,4.492531165317933528e+01,3.890987953510464337e+01,4.970176863762032582e+01,2.049802285444178906e+01,3.737785540126281347e+01,1.173142911426448798e+01,3.478454798476276721e+01,2.662909194728189988e+01,2.823830650067055714e+01,1.379562955882258457e+01,2.533963478928015789e+01,1.625222358191405547e+01,1.197543368195023561e+01,3.929728050331829081e+01,4.081113289612440553e+01,1.626972000410664521e+01,4.091072489386530719e+01,2.892783461642426612e+00,5.641186009457633332e+01,1.457372742678759714e+01,1.738026091567528297e+01,2.848172090936711953e+01,3.903212897502859136e+01,4.995886090640266453e+00,4.693928168881848961e+01,1.997166396841591407e+01,4.602187402234609692e+01,4.315859002204209816e+01,3.368858112350395828e+01,2.855449466643565515e+01,2.240193710042773034e+01,1.380185841229907773e+01,2.887356815095037277e+01,3.387099584602680125e+01,1.567023759039284414e+01,2.725453263000143167e+01,4.788490331638617903e+01,3.854187356575587131e+01,1.127049675549992891e+01,3.380352483228693927e+01,2.531888325237352433e+01,1.920752301646136972e-01,2.950648479864076634e+01,2.148659716725197910e+01,1.021707815629104488e+01,1.798078603913215545e+01,2.911178297388597613e+01,1.982270275032101381e+01,3.097241349439986635e+01,4.700000000000000000e+01
5.104709178923641133e+01,4.462528861619918530e+01,2.193609319325691942e+01,3.458114581970908574e+01,3.466086460165071603e+00,4.190864367134467727e+01,5.208271469428950695e+00,4.186945102526328810e+01,3.278475484906813620e+01,3.464971150764790764e+01,2.835712603047925029e+01,4.582121648654534596e+01,2.107718530355556652e+01,1.744258077817650587e+01,1.451965224084310790e+01,3.108284416433209074e+01,2.978456036082297942e+01,1.279424061667070767e+01,3.220360161505028884e+01,4.395425911397312291e+01,5.156674890680970513e+00,3.998539156455433385e+01,3.709668409439814951e+01,4.292843753757181702e+01,1.768343158124790548e+01,4.120609860274760905e+01,2.801360996950285909e+01,5.582288126683858565e+01,8.758818442162279894e+00,4.597763668895260736e+01,2.533892721205964094e+01,4.320180091832570213e+01,4.445679627419604429e+01,5.391990197221699077e+01,3.159800947866206755e+01,2.927701661021270052e+00,3.365391598498073478e+01,2.160127017680188288e+01,1.638028188559186660e+01,4.217347556565776046e+01,1.934059776038161482e+00,4.465551730202943048e+01,5.441247429828428039e+01,5.393489623599266736e+01,3.542840810318559619e+01,3.402168815172190364e+01,3.689860367630177507e+01,2.803272766869564592e+01,1.623969662669946246e+01,4.741224079961948945e+01,2.798481680996278698e+01,4.341483805238668481e+01,4.826750657465692740e+01,2.506207310275153688e+01,3.476954958649776728e+01,3.871616635149116092e+01,1.116306968619451823e+01,4.622872022333997677e+01,1.735573124947677925e+01,3.800880077285164305e+01,1.534019464393954557e+01,4.122388499670812934e+01,2.563283648798171299e+01,4.270417438999884752e+01,1.528924885194695094e+01,9.329635179036014136e+00,1.511274321535265663e+01,5.458537388603912355e+00,1.821982779876564962e+01,4.082239310210832173e+01,3.176001287374143800e+01,3.388620159732193571e+01,1.873810697863380881e+01,9.960078008784812198e+00,4.286354830898175550e+01,5.195531703849060534e+01,2.547716937071135135e+01,4.237221243520566105e+01,1.949890478556637419e+01,4.611054465279809733e+01,4.800000000000000000e+01
1.586640020175163102e+01,4.114655553814785804e+01,2.653318780810301547e+01,5.524409492596733884e+01,4.661204414188414802e+01,3.699079022486088064e+01,4.230914323829329504e+01,3.718302123684433980e+01,3.880391563671610555e+01,3.433979501206020046e+01,4.980306976543819530e+01,4.851624836580523947e+01,2.138288605390832231e+01,3.155474545680801768e+01,2.032714815890143001e+01,4.173716159895167266e+01,1.233500641059341874e+01,3.298063241039891125e+01,2.500969825748103403e+01,2.848077151690377917e+01,3.360570872881522320e+01,4.193693094268197541e+01,1.222789525068647976e+01,4.732378359468152951e+01,1.466175937104579852e+01,2.300413939564494825e+01,5.950139608977822547e+01,2.953377893401512111e+01,4.874824635359347980e+01,5.045906207799517063e+01,1.843314658160043251e+01,3.825267334068661285e+01,4.332507266899376930e+01,3.137651558408647645e+01,8.307415702838017779e+00,4.634986553528904096e+01,2.298127993632002486e+01,5.507248437200735225e+01,1.678752868730272496e+01,4.694222658963356309e+01,4.232113213940539254e+01,4.520266802320372790e+01,3.516756241921567039e+01,2.786275884855559326e+01,5.610318732300953570e+01,3.002141304785176601e+01,2.114960153498820716e+01,5.535396318089283341e+01,3.319506633198754031e+01,1.287354287509530515e+01,7.326141710295242859e+00,4.771478188979271451e+00,4.047861059174763909e+01,4.110669262667693147e+01,4.088929765798950910e+01,3.947961045026013238e+01,1.074519079824494483e+01,4.132190942518809607e+01,3.318636051340081394e+01,4.280079626773594548e+00,1.786728295089418950e+01,2.722242216799740788e+01,3.665070510072094123e+01,4.651107757147521227e+01,1.752347500323291740e+01,1.651185317280079090e+01,3.257859060029819886e+01,3.325526574080452491e+00,1.247353023921697179e+01,4.780569183316587356e+01,2.809345459809801682e+01,7.077879009739816318e+00,5.201410133598234609e+01,4.217264565566573253e+01,4.234487782449227922e+01,1.847895739978362206e+00,3.549451952054269555e+01,5.119471110724549590e+01,4.477575001810357236e+01,5.086243682530925980e+01,4.900000000000000000e+01
3.882974989285406053e+01,4.077997276761254852e+01,4.951020961823793698e+01,2.343654550298186834e+01,5.310320061979636108e+01,2.862913227303190666e+01,5.056602855924354856e+01,1.898871837910020943e+01,4.308681309485542243e+01,4.928635015158115351e+01,4.194287991667830795e+01,3.987884778888678738e+01,4.986396144167644451e+01,5.144234932978425689e+01,3.129671248712155407e+00,8.064317084762409493e+00,3.706867972101173336e+01,4.469190140898992780e+01,4.714138049525655561e+01,1.376995023909606708e+01,4.342073134058354356e+01,4.851407794013133667e+01,5.309286674161872810e+01,5.346009425677614502e+01,3.054573877356424561e+01,4.276955854470181606e+01,4.859447604321423597e+01,9.924275414349569502e+00,4.181388041762351548e+01,3.367379910443975888e+01,4.848977822426316209e+01,2.899574705399206920e+01,4.292534521891030863e+01,2.962258307349469888e+01,1.811916466102818646e+00,3.947807704983453903e+01,2.306175730404303792e+01,4.628279051265688082e+01,3.808701808864092442e+01,5.498571428526514815e+00,4.068547619481214639e+01,3.629456404874727582e+01,2.921338967457182889e+01,3.534526479579253788e+01,4.415862717011106042e+01,2.535043727512147527e+01,5.194805206605737879e+01,2.077409695917926058e+01,2.197895277945638881e+01,3.342049694399465665e+01,9.654793821535431420e+00,5.233811548695704374e+01,4.795060018888526088e+01,1.557987935833480897e+01,3.877810173046515274e+01,3.840837053263951617e+01,5.182969490471266027e+01,1.730691667393291056e+01,4.620945786566751678e+01,4.188710189580460508e+01,3.112200781032538899e+01,4.801517610124870572e+01,5.372901018006733409e+01,6.113957542257147715e+00,2.316134142426478348e+01,4.752724960847263702e+01,3.419498351613687959e+01,5.176829556391682274e+01,1.719575055065165259e+01,4.872266867636039933e+01,4.520377114729412682e+01,3.127477202138700108e+01,2.993768292620242732e+01,3.059042247828287131e+01,3.027058253106876862e+01,4.415349241115125523e+01,6.030247947070256487e+01,4.803823947276843853e+01,3.333813648265510921e+01,8.530933228689589143e+00,5.000000000000000000e+01
4.315961838584904342e+01,5.742410573767286053e+01,5.696421840471149523e+01,5.374856507650054027e+01,2.804927012535197406e+01,3.805562141852304592e+01,2.674963984194364031e+01,3.507711894684814524e+01,4.002769675908179892e+01,4.392100849665306583e+01,4.569058872764071566e+01,2.507543120134687697e+01,4.930304863861717735e+01,4.306290241014996667e+01,4.453715559008486480e+01,3.926970052454129245e+01,3.615621407880426830e+01,2.241567435432343203e+01,1.169473441183290952e+01,3.615045360965518739e+01,4.190442242097492453e+01,1.656591625720676930e+01,3.001137695128902649e+01,5.451309284601150296e+01,5.578776189901983429e+01,4.908719079666683882e+01,4.774754842070245786e+01,1.464850003010635326e+01,4.679476072761949723e+01,4.169455246261319559e+01,3.298975973397454453e+01,4.719013561770990606e+01,5.589874918674531301e+01,3.999340357584600980e+01,4.949460543550990366e+01,3.957139119119288839e+00,3.735408167900988019e+01,3.733921955805362813e+01,1.871877755128512888e+01,4.374261308066262899e+01,5.654820810683851562e+01,1.544659404443565442e+01,4.318619281271504917e+01,5.844892681723929684e+01,4.668382527068560250e+01,1.131351707788800454e+01,4.137496152784252956e+01,2.756016546361036390e+01,1.978664853504595555e+01,5.248039424977103096e+01,4.817651135954725561e+01,4.368807998862708786e+01,5.028732373526592170e+01,3.739733714439746848e+01,3.495789177451572982e+01,3.940472446514351645e+01,1.411390289880107574e+01,5.686162679642296069e+01,3.320123692639352697e+01,3.947953791756383879e+01,6.036291779978105865e+01,3.968252823836152032e+01,4.691532890508991471e+01,4.732696088080680141e+01,5.137997611651508123e+01,1.651391377224589618e+01,4.730704888114056672e+01,2.841886732853286901e+01,3.928166719730387513e+01,5.850776796673313385e+01,2.583416756852703955e+01,5.249568394118041681e+01,3.255833842034963510e+01,3.622012470747415591e+01,3.251292240998684946e+01,3.244889720955072221e+01,4.367612729445692565e+01,4.240245342525764727e+01,2.782886434439053147e+01,5.762202619993548325e+01,5.100000000000000000e+01
5.941251074911831864e+01,5.713963331274917579e+01,3.628759867103783421e+01,3.428712824584700058e+01,5.614007749474347975e+01,2.519298319204667536e+01,4.826795928305714511e+01,4.850746335316665636e+01,3.421160845709308518e+01,2.802707430215630424e+01,3.987048016769967518e+01,3.372732221596473323e+01,2.343286484136797299e+01,3.368394759261905591e+01,9.973359272333366832e+00,4.640188937738012243e+01,1.213419874574115020e+01,5.173073990983055381e+01,4.293201983679342959e+01,5.530873079364110367e+01,4.622951329879607840e+01,6.202945030966832007e+01,5.938141601577649453e+01,3.308845443432658850e+00,6.002073228939546823e+01,4.442250397980865984e+01,5.693469343244594683e+01,5.488885957781005231e+01,4.667727359740547399e+01,4.990632742637189523e+01,3.441139530383600231e+01,3.534303910000791404e+01,5.544324300721071097e+01,5.061465084026625050e+01,1.466396838905166966e+01,4.440651718961769490e+01,4.322105141616970769e+01,5.666868330077515026e+01,5.407923363247104476e+01,5.364614165602035456e+01,4.321464468363765832e+01,5.042348806242706161e+01,3.070567704671445952e+01,4.987890522002707883e+01,4.431066312514168715e+01,4.737910446661178554e+01,4.690775606773330964e+01,3.823838570487508548e+01,3.424281243056017132e+01,4.121374680384246858e+01,5.865457245292081723e+01,5.272480861335403546e+01,2.710190747776142928e+01,5.040021725545009446e+01,4.262030971167941829e+01,4.653635332114966161e+01,2.643541394873689399e+01,5.855658535798676567e+00,5.703717031750150568e+01,3.662110535055338545e+01,4.882589412796500739e+01,1.305027112864405225e+01,3.754342555588932839e+01,3.885841483019248699e+01,4.976239899304350445e+01,5.791746136714978377e+01,3.750849328593776733e+01,4.275672564329095593e+01,2.073199904703080776e+01,3.308950040730062625e+01,4.701183745536706482e+01,2.155190412640280329e+01,4.378087237639065421e+01,4.731957115713092321e+01,5.501324883132568289e+01,2.436238469984334643e+01,2.290617073825591987e+01,1.473817582539548887e+01,2.625581515372287456e+01,2.862847782491215654e+01,5.200000000000000000e+01
5.085405374106487386e+01,5.415723597420262792e+01,3.984356395101502102e+01,2.383737272054676382e+01,4.955481827922564975e+01,4.841927192686248560e+01,3.815977777979006191e+01,4.353230431568135117e+01,5.081356213398817090e+01,2.492075965580544761e+01,5.405364572438546844e+01,5.484081984842068636e+01,5.899322367625735097e+01,5.458434782488021142e+01,6.202801434050268625e+01,3.568062591844457643e+01,4.798839929496678991e+01,5.448638922759245418e+01,3.407278676549550767e+01,1.377310266511995529e+01,5.184969408419276959e+01,5.944892461277590456e+01,4.531672136360226233e+01,5.053193604321761256e+01,9.581542457791117684e+00,4.810652422633292247e+01,6.103563054086443884e+01,5.297977774702456344e+01,1.161518448013854155e+01,3.392296890855208247e+00,5.156408801649632778e+01,6.502615696622378039e+01,3.534942794004609823e+01,2.925839723951763105e+01,5.197802186396287993e+01,3.932311989387559237e+01,4.684732609528127512e+01,6.404556788516549659e+01,5.899080106209272145e+01,4.544192567033080365e+01,6.027665636446992181e+01,4.132158056054845474e+01,9.469266049854528688e+00,2.864261321697304652e+01,4.478331725612223124e+01,5.444817600085978171e+01,6.274497281557103179e+01,6.049915726678112549e+01,5.494129386278142135e+01,3.820319589965966856e+01,4.921615432221094011e+01,5.416945202898266132e+01,3.656555270189923590e+01,6.217263499020099005e+01,5.610916903067033701e+01,3.716346719620948846e+01,2.238265104991221666e+00,7.549161136208267564e+00,4.760637862063035897e+01,5.912627276567091172e+01,3.674607724988120339e+01,5.675753299805284513e+01,2.112669569139139725e+01,1.275052166725084035e+01,3.548684014418512334e+01,1.748228719586045798e+01,2.406905825701471269e+00,5.936951397434255284e+01,5.395856725940026877e+01,2.620985055416238296e+01,5.943659968998937160e+01,4.750370573285793796e+01,2.274904782691438498e+01,4.534892041287229603e+01,5.247844461775350311e+01,6.414434675859011747e+01,4.371417324642524704e+01,4.817203606330821231e+01,5.646715779937454549e+00,1.665036785773829564e+01,5.300000000000000000e+01
6.167631147171228889e+01,6.643281225118310829e+01,5.294653125901270130e+01,1.490513408801915496e+01,5.332761902753946259e+01,3.316257713008624819e+01,5.030732513951097218e+01,5.452085290792010852e+01,5.845169116764333950e+01,4.768828634577855752e+01,6.150345021447080285e+01,4.555134236048716900e+01,1.416534861341516915e+01,2.373491045397138066e+01,4.304330095238562137e+01,5.517421571960465343e+01,5.714495963884606056e+01,5.332083838175419288e+01,2.410256017259542816e+01,4.893902894174073737e+01,2.250979205910059022e+01,6.213450070716390172e+01,6.096577829611429422e+01,3.626625727306819158e+01,3.774094863657477816e+01,4.805319824683292040e+01,4.416207047888679682e+01,3.663891218018923723e+01,3.644947625854614159e+01,5.592846725083658299e+01,5.569774168757383848e+01,4.635325782387167948e+01,6.107778485778887756e+01,4.392681454887826220e+01,3.413650557107860806e+01,4.738308270818131263e+01,5.222943301631859470e+01,5.003857815872910209e+01,5.883728806895181407e+01,4.376821263907898185e+01,1.756930421778924156e+01,3.322610255208740426e+01,5.345131082137283585e+01,5.219711851836109417e+01,6.350213351552741159e+01,5.584993768439797179e+01,3.671162545272800060e+01,4.062751364598949522e+01,1.274801034850852055e+01,1.916258458416549360e+01,4.743550288053554453e+01,2.249058904189452335e+01,6.385197044569094516e+01,2.025241281388226966e+01,3.837511443834245739e+01,5.503887002961532460e+01,6.299403996509588666e+01,2.930170605398966543e+01,5.973965313658072773e+01,6.060333750302706335e+01,5.434817940833342220e+01,5.168752629902108708e+01,5.322027336464452674e+01,5.028647142893646560e+01,1.870367849369656099e+01,4.272918979133983441e+01,3.128748742838056707e+00,4.816180994439807961e+01,3.719716590219140695e+00,3.714206998957089922e+01,3.810906689024622551e+01,2.489970535373211291e+01,5.473154758764446370e+01,5.544499470493059334e+01,6.123401939435008501e+01,3.599602945326257242e+00,6.561753948418800064e+01,4.256198743803661699e+01,4.547611722676577983e+01,4.965036124336273105e+01,5.400000000000000000e+01
5.361839437237951955e+01,1.290028373586001287e+01,2.100414780146583382e+01,6.472306832557630685e+01,5.019113942171500042e+01,6.350034494164175669e+01,1.653149052639910366e+01,5.553286771895152185e+01,4.458501942270987684e+01,5.264124959832624739e+01,4.896985583075393578e+01,5.920627310533070187e+01,5.820256094411885783e+01,5.276391904314489523e+01,5.402997661245291994e+01,4.543076483715258007e+01,3.850254919170286882e+01,5.463948642913450726e+01,4.904656502867660350e+01,6.392259090679161915e+01,6.258849976944121352e+01,5.588398391156951561e+01,3.083188789468720614e+01,4.673763907717432176e+01,5.950924266540272356e+01,5.329388768826039779e+01,5.840578978156302270e+01,2.860767105935524057e+01,1.732859480133452479e+01,5.973413541538295846e+01,4.516262097487249605e+01,5.445860073459960660e+01,4.074450069246631756e+01,5.385729221113909659e+01,4.921817087171203298e+01,6.390238386551556715e+01,5.948340727581464193e+01,2.761144324316800081e+01,3.374508998594208720e+01,4.557463514628810231e+01,3.612654650218046726e+01,1.509839480506417431e+01,7.716310346988937141e+00,3.571698003803812860e+00,6.298722814742679077e+01,2.515537330134175065e+01,5.816350386296048214e+01,5.297349422906403049e+01,6.014669650555311620e+01,5.938537403428563977e+01,5.472798430222275101e+01,6.310701201010272143e+01,5.261085078679131755e+01,5.494775389349200623e+01,6.273119314452296535e+00,5.154129925290723691e+01,5.072344181203570912e+01,4.312535521931809512e+01,5.563330739861643082e+01,5.940441609560531333e+01,3.780439508150934813e+01,3.746874956470622209e+01,2.014515249758156301e+01,4.090226436866132786e+01,5.150255813419530426e+01,5.481307837263397431e+01,4.691806837896153581e+01,6.009851521678324104e+01,4.181047429067293564e+01,4.916300247106563859e+01,5.458206590544281056e+01,4.849501821701752391e+01,2.249075890576945724e+01,4.969401804746728146e+01,5.383058685913437813e+01,6.185858289192420045e+01,7.025602535747422905e+01,6.336519451159760230e+00,8.567401659242930734e+00,2.433214154216941694e+01,5.500000000000000000e+01
2.947972763931354478e+01,5.957823206304502861e+01,4.646146015693825149e+01,5.399253080924810888e+01,5.004657565943376341e+01,5.089026711206328457e+01,6.468728145202477720e+01,6.399426973073734359e+01,2.374067403082374739e+01,5.192476560060965340e+01,2.365517788693306045e+01,5.299858638694197310e+01,5.510184213718743962e+01,2.433782727601980511e+01,5.555696220393395635e+01,6.475710072901122771e+01,6.114161869176213315e+01,6.983578514533236614e+01,6.538075720265943858e+01,3.061842151354783681e+01,4.411085411304100745e+01,5.776394680743180743e+01,5.399916539274085636e+01,5.907819244161216687e+01,6.743159275062612323e+01,3.240809238321488550e+01,6.192495578571372761e+01,4.907644021544009405e+01,4.631069032053886758e+01,6.549018114686104752e+01,5.774978064729406668e+01,6.743352937356294774e+01,6.657969939336086895e+01,6.149682975954887354e+01,4.523161749561239731e+01,5.563655105224894015e+01,6.410198914913644330e+01,5.386569238020310024e+01,5.925637861097875714e+01,4.685130210169879206e+01,5.627235060723725724e+01,5.717519438946426646e+01,6.259847199473273349e+01,3.498549714126820476e+01,5.901129888060641804e+01,4.381390733843243623e+01,5.963430641297592416e+01,6.516880629275669889e+01,6.372730104786740668e+01,4.793427449719121114e+01,6.234940848673584668e+01,6.116109751826255803e+01,2.641061957775323421e+01,4.823397668372153646e+01,5.739980293804411104e+01,7.063555181720350618e+01,2.668745086177872849e+01,4.737795234617492923e+01,5.577083477837248182e+01,6.210576471757421757e+01,4.227998270444194873e+01,4.714269649178925903e+01,5.345784733143224798e+01,5.249366516926463078e+01,4.306314417390373706e+01,4.926518667561398956e+01,3.949635909594600491e+01,4.334764013403005123e+01,4.752907677035153711e+01,2.111432761505595579e+01,4.801858763688566967e+01,4.551932521191239545e+01,4.592228397207552604e+01,3.909990726611555800e+01,4.296279804980905226e+01,5.646862324769914210e+01,5.086498761313547590e+01,4.768460721151932091e+01,4.531533456579754215e+01,5.600480091035097985e+01,5.600000000000000000e+01
6.362083880157324245e+01,1.566490361109388196e+01,6.780658143066287380e+01,6.229599338568610989e+01,3.983405748789513723e+01,2.416055443970506644e+01,3.550710124015753166e+01,4.136703183779686555e+01,5.375135116556572967e+01,5.842013466499580687e+01,4.291181260579126899e+01,1.970887204688755645e+01,3.556716494386100891e+01,4.201586663677577604e+01,3.376083799821653031e+01,5.802886774536833769e+01,4.940671266622655367e+01,2.863038515341548873e+01,5.159673043131071069e+01,3.957942058316648826e+01,3.692104005583821191e+01,1.823184689017379156e+01,5.561591807501881135e+01,7.048370529573574572e+01,5.817285539871650712e+01,5.134417759462585451e+01,5.180749371244007762e+01,7.157375945567214615e+01,5.776801758140031495e+01,7.060736623844177018e+01,5.430365026088782798e+01,4.588273321702674679e+01,5.084788116471380448e+01,5.425411916063560369e+01,5.261155111614154833e+01,5.942303800013001336e+01,2.380756538697746194e+01,6.611191780779780913e+01,8.889130455408480458e+00,4.465615144554593741e+01,5.990047262332291211e+01,9.414084107162084436e+00,4.056853725857095583e+00,5.192216927063198284e+01,5.829150513460690064e+01,4.164574209473944677e+01,2.666282618370419044e+01,1.066829513897294746e+01,5.063882125023555147e+01,4.891055772168069637e+01,6.019972747549354608e+01,5.775826640967989078e+01,8.985238353170181824e+00,3.205053226635337893e+01,5.854461138703099010e+01,4.989923106695811583e+01,3.698065615967824016e+01,4.807665354830346871e+01,4.217518904848758865e+01,5.287669262539586157e+01,1.055749133901396020e+00,6.119671370088983053e+01,2.489888705670331248e+01,5.870686426391716140e+01,5.322811723327190236e+01,5.731885685482760096e+01,4.539039443118919337e+01,2.257575741395206137e+01,4.689569495834912516e+01,7.485876895921160568e+00,1.850414168584400798e+01,7.710202902425263005e+01,6.322094523645554887e+01,6.429489973566846572e+01,5.987588836988778240e+01,4.944049084055023258e+01,3.665075974022588667e+01,5.657536737843809505e+01,6.083648619186002549e+01,6.316311471938337974e+01,5.700000000000000000e+01
5.158265771504643027e+01,6.142414647841956565e+01,5.872878379576997077e+01,4.839173153385785753e+01,3.951681376672233625e+01,6.628241304187680782e+01,4.246737137528558037e+01,5.306267464241170728e+01,3.056850606275247628e+01,5.927927783199080380e+01,6.549086791390239171e+01,5.469431345372831288e+01,6.047905346106943369e+01,5.847441787841292893e+01,5.997912148810222988e+01,5.997212178275349714e+01,5.455030735541169662e+01,1.506234760820092333e+01,5.201115875017445944e+01,1.471105702499872336e+01,5.572499283779408330e+01,7.002342555001537505e+01,2.432583636441349739e+01,1.949311612919850134e+01,5.552641696518858794e+01,1.640594703120602560e+01,5.243354783214682158e+01,6.295565500337097120e+01,5.661988372288669069e+01,6.667459058847560982e+01,7.178463941671857640e+01,5.771612687267189301e+01,4.193415671950969426e+01,5.829570102267160081e+01,5.627513383264238911e+01,4.881083290528351171e+01,5.118265952551870868e+01,4.690249251131923813e+01,3.934158551418705940e+01,6.676034563602632943e+01,5.378886648109815383e+01,6.213874226062196016e+01,6.662502104815808934e+01,1.291655897692853472e+01,4.204330824531828625e+01,3.881403662630102502e+01,5.795861268730365623e+01,5.600344708592567855e+01,4.358876142014590016e+01,4.693366702577139193e+01,5.427181306917877635e+01,6.508365034792178960e+01,5.485754134494192158e+01,6.265087768963741865e+01,6.018164795654414689e+01,5.840958282747844521e+01,4.982121681763324261e+01,4.302435420268055566e+01,4.455830849540315342e+01,6.092940037528833130e+01,5.842491230742206909e+01,6.546219209459054866e+01,4.432827109041644320e+01,5.997153156010544706e+01,4.463120345404266232e+01,4.220767851078000632e+01,7.632265998546709795e+01,4.678470721061575688e+01,3.416773263718616249e+01,6.008653758760152641e+01,5.647119269459354740e+01,5.160638399261499920e+00,6.238667263344814273e+01,4.794289955570929607e+01,4.824690007337375164e+01,5.252627124757449195e+01,5.041208157869611028e+01,5.648929023770031677e+01,5.494926747949520518e+01,1.793392877924224038e+01,5.800000000000000000e+01
5.723607470337920233e+01,5.044694105074269430e+01,3.599973965913631702e+01,4.354219686722673543e+01,4.509290486084675820e+01,5.976096278747151302e+01,6.391751870398469038e+01,4.767565580838046202e+01,6.554901795289271149e+01,5.412954379942379290e+01,4.586594170581896890e+01,1.743488549829357837e+01,6.200992242152612022e+01,5.121691245297276396e+01,6.208801197359185409e+01,6.034086678838443873e+01,4.275731227098950171e+01,6.249531576393554388e+01,4.509107119580605882e+01,3.834456597980913273e+01,3.699336842067442888e+01,4.840282625878993628e+01,5.334798533667785847e+01,5.497119682018472275e+01,4.855630843322837364e+01,2.989772959055309087e+01,5.516698439642572538e+01,5.885646679328257846e+01,5.282372889661642290e+01,5.673004840326743903e+01,2.890443195896808248e+01,4.056612700857100151e+01,5.618166697825353140e+01,6.366900236714527495e+01,2.831668900385662724e+01,5.271779506153387729e+01,5.279433583914600092e+01,5.838449466559492151e+01,5.671514921646344476e+01,4.760154260180486574e+01,5.329788284938828724e+01,4.338288889939700255e+01,5.467701953615858201e+01,4.633690378039350577e+01,2.892110788519794085e+01,5.113934692719008979e+01,4.286848709436518590e+01,3.694086326254269892e+01,5.757419749112696650e+01,6.565547757459640366e+01,1.454389743066063012e+01,4.384279596220284958e+01,5.586298381625409348e+01,4.765167436690990854e+01,5.928209110852982633e+01,4.764993059736564618e+01,8.503420619631830490e+00,2.062509882936564409e+01,2.369700485927976530e+01,2.569355819544433217e+01,4.447240082211433787e+01,5.870543648307167928e+01,5.884461660478923051e+01,5.455773771685577600e+01,5.325088498957925509e+01,5.105793962029883204e+01,4.464489115044514733e+01,4.071064075482632916e+01,6.213034405832441820e+01,4.708370626020053606e+01,3.633050075186129391e+01,4.344556147634816767e+01,1.539012920907626558e+01,5.872629355565349840e+01,4.334928543092652831e+01,5.209828319554232223e+01,4.012828621583414446e+01,5.916192439279648596e+01,4.309323210226443734e+01,3.805298754685483686e+01,5.900000000000000000e+01
5.936478605765788075e+01,3.110095161128828778e+01,4.356967618395786701e+01,5.612419527694461152e+01,3.578023936429307383e+01,6.261425648638233099e+01,5.934231836878530686e+01,2.410866347978452495e+01,6.104506762167289224e+01,6.821553962860475906e+01,5.634430654723993115e+01,5.765925223479383988e+01,5.456492351743764857e+01,6.874584880059721570e+01,6.406675086692082743e+01,6.507160813672416566e+01,5.097560682411874922e+01,6.280451952712754604e+01,6.620905174893437106e+00,3.511534702152060561e+01,6.374641478164463138e+01,6.335093851373517282e+01,4.952980819674046131e+01,5.608518997298124731e+01,5.709614817941624665e+01,5.629292323380600749e+01,5.682429047681121403e+01,4.712846096490103065e+01,7.635715211331987007e+01,4.185178758589898962e+01,5.232982864875449991e+01,5.256282708453617403e+01,5.755295399433276771e+01,5.861810506033014434e+01,6.749542654971955358e+01,2.656225180779079764e+01,5.970122618552042582e+01,4.159925176210812481e+01,4.689708486709623969e+01,2.529615710793347105e+01,5.689427037782768082e+01,4.425808366112765668e+01,4.713149348900279278e+01,4.977111682749524135e+01,5.350856754215951838e+01,4.772744351396239892e+01,6.091765777070264676e+01,2.369693405697157473e+01,6.684458830405030483e+01,5.808593993071803396e+01,3.219885405903236375e+01,2.746006447719477350e+01,4.984810201324205536e+01,4.472236320910779028e+01,3.089911464896840698e+01,5.995311354532341142e+01,5.126411186591895586e+01,4.546780270086918563e+01,3.667514442561093801e+01,6.537789639742817371e+01,4.895286870756956432e+01,1.948883973950628601e+01,5.274315114397185056e+01,3.795922223838427811e+01,4.910761107239908796e+01,1.442675263316309220e+01,1.637894548680337081e+01,5.057356620912608491e+01,5.834290606076925201e+01,7.182540764237350572e+01,5.807735478690982944e+01,5.903060599713398915e+01,7.165667154718452991e+01,4.989686624516549074e+01,3.906707484265015040e+01,2.692993662369932295e+01,4.069595041571567151e+01,3.160606444135624216e+01,4.820226598002253837e+01,4.704171013837382986e+01,6.000000000000000000e+01
5.579858353080758349e+01,6.294393145927352151e+01,3.788327324043726207e+01,6.026449607090958693e+01,6.460374332097426020e+01,4.388945605844369169e+01,5.484022119334525058e+01,4.306357546783734591e+01,4.636792636347264818e+01,6.324893569356071765e+01,5.126422504923150569e+01,7.018722555019057552e+01,4.313495431636619770e+01,5.197212943271133412e+01,5.047841282979591426e+01,7.554205395288323643e+01,5.505557632478192076e+00,7.248089879970964944e+01,5.163709839507770738e+01,5.723451562693174566e+00,5.604437467563646180e+01,5.393765402752222826e+01,5.929388888849812389e+01,6.759401024562006910e+01,6.892652648567269580e+01,1.614428527615944375e+01,5.728810240469661608e+01,4.996096803162203059e+01,5.910658285084964092e+01,3.992098210152661153e+01,1.291020271865538938e+01,5.683786379442832271e+01,3.520133028164764966e+01,3.706952191060840107e+01,1.444097839834175190e+01,6.648433626591919676e+01,5.950223211254353117e+01,6.631723235663763205e+01,5.185952193054473724e+01,5.193485568166771316e+01,6.988667296050846289e+01,2.518752167213646587e+01,5.218286650150512429e+01,6.290920210063900697e+01,5.362287321121344519e+01,2.340102315662584687e+01,3.149569824681829289e+01,5.712950121134243631e+01,6.101943532590700414e+01,3.183625397855935901e+01,3.307564635975433731e+01,3.573343945766126240e+01,3.735840406844138073e+01,4.020792030846772036e+01,4.294512963441022890e+01,3.052567858534149181e+01,7.120555683322071161e+01,5.847632005252032883e+01,5.184104190765095410e+01,3.842321507450686369e+01,5.435316816267192053e+01,5.960902303734619778e+01,4.681656091401981712e+01,4.437634136668489759e+01,3.130678927905905695e+01,2.558853984847065632e+01,5.940349646402501804e+01,5.001426933611555370e+01,3.948961069209863695e+01,5.378062579232054219e+01,4.099605118961564898e+01,5.348498912739589883e+01,4.037034416189909081e+01,5.020318627274179590e+01,2.230944987455644846e+00,3.516327471161653762e+01,3.811220161791398908e+01,4.808674882227575864e+01,5.114998769535596779e+01,4.601622718494251529e+01,6.100000000000000000e+01
6.225880442520463731e+01,6.436764473673363796e+01,3.613402736647917379e+01,5.750372208243769734e+01,5.653013847906062495e+01,5.172281782593798738e+01,5.972049117636587567e+01,5.430420632692989358e+01,5.396583836908914122e+01,6.765048539874851485e+01,4.168001660206629566e+01,5.392118549532980154e+01,6.850763566782494252e+01,5.317483977913004622e+01,5.084856739416024851e+01,2.909805594623638925e+01,5.134815504457128554e+01,5.256737935592830269e+01,1.664789995158265157e+01,6.709463817698076582e+01,3.256383625885600708e+01,4.662729367041749384e+01,2.165251563538727808e+01,4.780861268752890680e+01,5.713422843908633553e+01,3.949170236683975332e+01,3.958835445877929970e+01,4.729047176153704157e+01,5.422721316259737279e+01,4.144267571253886473e+01,4.877357593708034500e+01,6.457510103880753149e+01,5.809975984609262412e+01,7.587156126728656602e+01,6.442664223681792635e+01,2.718053909799240486e+01,5.472052952914835089e+01,6.714176608230242493e+01,2.006698517610075783e+01,6.643037278860543893e+01,5.251385341742804513e+01,5.879114317043874394e+01,5.146959448530950709e+01,3.543807682431791761e+01,4.126365192170276686e+01,5.650090523964351519e+01,4.607558610708221636e+01,6.511834691349216087e+01,6.861679513407848674e+01,1.065415908332375494e+01,4.140463408252679045e+01,6.762191098266799827e+01,5.080317077259105929e+01,6.935606024962953597e+01,5.681282995818682480e+01,6.458297341870593300e+01,5.860770219389141999e+01,5.277610111870765763e+01,5.770963959411152189e+01,5.230578516123342325e+01,2.590000344312117164e+01,2.768160441831844309e+01,5.622447229722654782e+01,4.639767119371747128e+01,6.385882091607940936e+01,4.982997500195948959e+01,3.679659850244675567e+01,6.046650489914613757e+01,6.572660587853872016e+01,4.418718639190255715e+01,5.370426873490695385e+01,5.727872181800463380e+01,5.684742040490125703e+01,4.032732150169973551e+01,4.889188128058335536e+01,2.923998458118745347e+01,3.118003333276599420e+01,6.417630267001800348e+01,5.892794839651147498e+01,3.843511956847660116e+01,6.200000000000000000e+01
3.977866968035369410e+01,6.280761311101969824e+01,6.476091018064708749e+01,3.999440430009316572e+01,4.714193418365807986e+01,4.916410786968938140e+01,5.047472719848607881e+01,5.206241788360895129e+01,5.577432664123296036e+01,3.493382362655489004e+01,4.617020282638080175e+01,6.191004942777804132e+01,4.153974310894288635e+01,1.885249582063787699e+01,4.445219431568553858e+01,2.462643821631703034e+01,1.411263946896479382e+01,5.671241203544644804e+01,4.089987672115609740e+01,2.210975600053943069e+01,1.879747885643264382e+01,3.438466815153306300e+01,4.018204838046237626e+00,6.299990240085985960e+01,6.118709446087027004e+01,4.207141180646762280e+01,2.660040866621613276e+01,5.326519855255390468e+01,5.082895549393814605e+01,4.582161888636424862e+01,2.110652476001058986e+01,4.244159945341669271e+01,4.310114249379975604e+01,4.634693362370245495e+01,6.430916077611141191e+01,6.519919952333678737e+01,3.320778412435604565e+01,2.010550375055565908e+01,5.720281767063815437e+01,4.829117575453007305e+01,5.050383316623468488e+01,4.379824199037680188e+01,5.800764854475620069e+01,5.651846213953259479e+01,4.771844389061958225e+01,3.283637650089712423e+01,3.624474472170703621e+01,3.033490020591264269e+01,3.479627897943175441e+01,8.579110877912954791e+00,5.530791071533767678e+01,2.824337839460673294e+01,1.864968657970335286e+01,4.916684684393489135e+01,3.137065345265533978e+01,4.843241937428587107e+01,4.120418308938725716e+01,2.724575838616164347e+01,4.077971449216867228e+01,4.781239595655170405e+01,1.017571929358339133e+01,3.624155842941830485e+01,5.002047083613573619e+01,7.169511677283466611e+00,6.318146257327314430e+01,2.612757434256036149e+01,2.326074584799089706e+01,4.968005605856919260e+01,3.737587553423841058e+01,2.147598981309814903e+01,2.051451578322765457e+01,5.611415835060219592e+01,4.230319177802747532e+01,1.296041914305801690e+01,3.866768125025207326e+01,4.191512502925436934e+01,2.863807602877172442e+01,2.574428238543233860e+01,1.926109751383169666e+01,1.260920025502247732e+01,6.300000000000000000e+01
6.963732157697769765e+01,3.527242775900068494e+01,6.551664139150936705e+01,3.136955763053893165e+01,5.850475794653483774e+01,4.968830961482053965e+01,6.425854267330193181e+01,4.852701257616980968e+01,5.902726916543210223e+01,5.213765811639487602e+00,4.279106388636472502e+01,7.366340329476277304e+01,2.483816377710016710e+01,6.695010457185219366e+01,5.446179428818723522e+01,6.049257265066702161e+01,6.193685490601131249e+01,5.530300372233748618e+01,4.162246625893379814e+01,5.560740053645972836e+01,2.521936282505092564e+01,5.624076494838878659e+01,2.589721006221273214e+01,4.738565336344585432e+01,6.300431221752376842e+01,6.349869342485427381e+01,5.626383996285709088e+01,5.446138728960365682e+01,5.310698340425105357e+01,4.653946850660128831e+01,4.920054342312651841e+01,4.295681875266346594e+01,3.791259302555385347e+01,6.123721461067567162e+01,4.282745346532306741e+01,4.754213426351677896e+01,2.690811142965146630e+01,9.665649515386279589e+00,4.496013841056151961e+01,4.154477898820098858e+01,3.837597471005402383e+01,3.748390076879600485e+01,4.954211462886149064e+01,5.970929741561653969e+01,6.259566996784342052e+01,5.460052292553444175e+01,5.520431936915590398e+01,5.826050512735442766e+01,8.468723533783062862e+00,6.094723436676279249e+01,1.648616830176798054e+00,3.152604568912955330e+01,4.741040938479937950e+01,4.988011037122537772e+01,5.684040421087354389e+01,5.199517318353171191e+01,4.720878776874414484e+01,7.559337495544511398e+01,3.450873106796287715e+01,2.058484265032378246e+01,1.571285528493350192e+01,6.071617944351961427e+01,3.705843358733473281e+01,4.928642524812800474e+01,2.156539835023836815e+01,2.415422726163207656e+01,5.937725704164730445e+01,3.522424059856845702e+01,5.086984663646233429e+01,6.546834312065291783e+01,6.035226229759397398e+01,3.962322372632521450e+01,4.137161241066813488e+01,7.913452163610021906e+00,6.354082102028257850e+01,5.858700301561172097e+01,3.715538352627884677e+01,3.329111099421002251e+01,4.650649515216334606e+01,2.569777664591328303e+01,6.400000000000000000e+01
5.586226061751040817e+01,1.439967488674135154e+01,5.684146562544889747e+01,5.611387458946403228e+01,4.396589982802244378e+01,6.240993383105679726e+01,5.467543853470646553e+01,9.886240176487593345e+00,9.488485721367064585e+00,5.813139793210913808e+01,5.938580683441524855e+01,4.900587468659831103e+01,3.166720375460934633e+01,5.816838512593613331e+01,3.744083030172978965e+01,6.350816591221028773e+01,4.727288745144486626e+01,3.983545606987490828e+01,1.299840237107181729e+01,3.575013858310988724e+01,2.311727073168603042e+01,2.226439262408969810e+01,4.758473826161269216e+01,1.748639106983399216e+01,1.062123849021890365e+01,3.857598640564724235e+01,1.802849082045922557e+01,4.876219944715030152e+01,2.990648831523068552e+01,4.767476911669128725e+01,4.853047279700093242e+01,3.720967821078782833e+01,3.050309844449472862e+01,4.299764084240932505e+01,4.072115096959124969e+01,9.163057833733640578e+00,7.341655528765951999e+01,2.335258543755469773e+01,2.463407257169462028e+01,4.000328326574302196e+01,4.131280502781111608e+01,1.580882089681394653e+01,3.961566378019678325e+01,3.968663815790770144e+01,3.902850769398716579e+01,5.246793510507729508e+01,2.719865798469029627e+01,6.047851508452691149e+01,3.558582345444472139e+01,2.396364838830663047e+01,3.700003711558088781e+01,6.075769868899482162e+01,6.540437148483992758e+01,5.975796485472129405e+01,5.003485237919314699e+01,2.991667397140038887e+01,3.247461144260948629e+01,6.228939107118325325e+01,8.839857567645085012e+00,3.573454192213095837e+01,1.094655912392436647e+01,3.341648021458656359e+01,7.006167418027310134e+00,2.717376039650326547e+01,3.331794237184274010e+01,3.155043823924842172e+01,5.116006306618663046e+01,5.559060629015188226e+01,2.677340522470691297e+01,2.375190173212961220e+00,4.259790951128629644e+01,5.686418816065116033e+01,2.909272604445630961e+01,4.376408361156650528e+01,4.659990222462548104e+01,3.424545973362616280e+01,3.573531518067193247e+01,3.885981780473331781e+01,4.391605619276137240e+00,5.894204785412504322e+01,6.500000000000000000e+01
4.669730592266372327e+01,5.303850874993756292e+01,2.936293733008493589e+01,4.192271983328827645e+01,4.434244374514095455e+01,8.504968129866439241e+00,6.281963182167157989e+00,4.173191874389670630e+01,3.883749846734983180e+01,7.646541329100028861e+01,4.245632629364497745e+01,5.802865721289484213e+01,4.001657030954102368e+01,5.365457431089738805e+01,3.918990835827568731e+01,5.944618248622788315e+01,2.307811834423506880e+01,1.936688996508224392e+01,4.966186315843837207e+01,6.405196493673766156e+01,4.496155821273149655e+01,4.204543714592064418e+01,3.922113025554103416e+01,5.828737501676096144e+01,4.349598916496519863e+00,4.180677264854497821e+01,7.846479165025453284e+00,8.756286013120416101e+00,5.111092494864276858e+01,5.373060571038700317e+01,2.622522194223148517e+01,2.476168195383008452e+01,2.366670252192601609e+01,5.336311394867027502e+01,4.911423874325257088e+01,4.907829248471337280e+01,4.443517069854493684e+01,4.711835205613675015e+01,1.037100603307444047e+01,5.432224758806535903e+01,3.231260693600174250e+01,1.202115339219102808e+01,5.461689751112209024e+01,3.555730962303721299e+01,3.326601189075892506e+01,4.881410855665242110e+01,1.944166077438034890e+01,2.596629868346999004e+01,3.080470079597428779e+01,3.222304880819182671e+01,4.593459747320346054e+01,2.646286661564248988e+01,2.379782116165964823e+01,2.319314254672687525e+01,3.613058293547729960e+01,4.407265558222627000e+00,1.429225630127484692e+01,4.314167595581132986e+01,5.290658610629213854e+01,4.701430240647152914e+01,5.208660386606025838e+01,6.610062450295248482e+01,6.155730235617759405e+01,3.401623139867640333e+01,3.880751714692255661e+00,2.426976159934978838e+01,7.911337925020296424e+00,3.576327723663195002e+01,6.288048813031530848e+00,2.797429951505068146e+01,3.922462030645500874e+01,2.212400628236772349e+01,1.950330171874648499e+01,5.248979797586518714e+01,3.224647689486141644e+01,5.243184396699611938e+01,2.886915466583133139e+00,1.819127816525485741e+01,1.666600387330359823e+01,3.990692646795653786e+01,6.600000000000000000e+01
1.114633325567718103e+01,5.694325939624607003e+01,4.799353337422445520e+01,1.648959806059917454e+01,5.220830484510037905e+01,6.593783193530654785e+01,6.273128176284807722e+01,5.352724598299341352e+01,2.720772755085165073e+01,2.261913254901211445e+01,1.111861580128488569e+01,5.446424644112180147e+01,3.834888395992004462e+01,4.208182335088187642e+01,5.188358692041376230e+01,3.305353653256397450e+01,4.041755266714690720e+01,5.438350259123124530e+00,6.353443701329333493e+01,3.120372210233465182e+01,2.206426574708478583e+01,5.730632436309548439e+01,6.697045916978881053e+01,5.895526498971131701e+01,3.093064549976124411e+01,3.305804058794042533e+01,3.844081018405108097e+01,2.628687332233202767e+01,3.724888327832913149e+01,4.019658753668400664e+01,5.151250940378906051e+01,2.589226653363490982e+01,5.010834697675527849e+01,5.051366948307884996e+01,4.144508952409653091e+01,2.273112786396286467e+01,1.050119024212460950e+01,1.213047525072765964e+01,8.932598040632337089e+00,4.235099744710569070e+01,4.253929347858779408e+01,3.034785897296972479e+01,2.717498576841567726e+01,4.000391586578228953e+01,6.171400786920271742e+01,3.714208263232786322e+01,3.890003982055934273e+01,4.443587112220730262e+01,2.361277151516290829e+01,4.590878977148745577e+01,3.447943773251481048e+01,2.756138752236576295e+01,3.136449003029921556e+01,4.783474877658949964e+01,1.646863420505912501e+01,2.500276327141182264e+01,1.302842153643810974e+01,5.416066421779876805e+01,4.557686829761750147e+01,1.616647787728710739e+01,3.093728994300744262e+01,6.893901425156222729e+00,3.922580135538058244e+01,1.394579557101869050e+01,3.918702695701692562e+01,5.682888800191130230e+01,1.704110424310211158e+01,1.840974073440011693e+01,3.742546102064134317e+01,3.222817207635500836e+01,1.078339064639178169e+01,3.822837293743707932e+01,2.740458171162748258e+01,4.634654552440323272e+01,3.755862556878601310e+01,7.506700110066453213e+00,3.034727879589640764e+01,5.321681858909895624e+01,2.013575056530028107e+01,2.292794851961108549e+01,6.700000000000000000e+01
8.408952047714191025e+00,2.398301900468235104e+01,4.365624995772855499e+01,3.505712249884992104e+01,4.755683638822449666e+01,4.267910993307124556e+01,4.433373470535340743e+01,7.261305797625951186e+01,1.818385209476986120e+01,4.829572852277930650e+01,4.038358319432264665e+01,4.883682506311609473e+01,4.757194049069832431e+01,1.087365313773817199e+01,1.915134773217348041e+01,2.647848354405435600e+01,4.571230192999540520e+01,2.905705772107059914e+01,8.354244652364011259e+00,3.264871476970224506e+01,4.529924190392709704e+01,3.033981141448528618e+01,4.455120727043302509e+01,8.545156760238437954e+00,3.128795370465279646e+01,4.314422627592722392e+01,4.302123575635382480e+01,1.093163251884098131e+01,3.956183308663388232e+01,1.880238417321593047e+01,3.150701450087835553e+01,4.523116484839613349e+01,4.734292122245222600e+01,2.656471892572454863e+01,4.219836909164263261e+01,2.270757785039993593e+01,1.519723925534154318e+01,1.889174228083372142e+01,5.574364683050002611e+01,5.031899167758371760e+01,4.152840241913002473e+01,3.479262059146312680e+01,2.893435729818580882e+01,4.638335534582060404e+01,4.189627003393211169e+01,3.134637980807461588e+01,3.486970060578165942e+01,3.165782932630053281e+01,3.707030465336751490e+01,5.053508957141146141e+01,4.139942869160631034e+01,4.429336654457774358e+01,6.841628968859108539e+00,4.927492538422770707e+01,2.935046894395160777e+01,5.813015068695054133e+00,1.772342160713186487e+01,2.925803814440052975e+01,1.635353606340077803e+01,6.491613298336671889e+00,4.672421025453364507e+01,4.666652126983971272e+01,4.244875173495641718e+01,2.263776335323641931e+01,4.719139103546082481e+01,3.052046063445442314e+01,4.671483423873857532e+01,4.118838198176135990e+01,4.849220712723715110e+01,4.469994528024505343e+01,2.842937016846455123e+01,4.988443700578336859e+01,2.111244342492227588e+01,2.372002266998401510e+01,2.415778585065693562e+01,2.655478494581327098e+01,2.417024717389053023e+01,3.877275532665968427e+01,1.105693089354414660e+01,2.989344740315925719e+01,6.800000000000000000e+01
3.590273948908978241e+01,3.674022080725022477e+01,2.782798509428660694e+01,3.368404048227523617e+01,4.421077164517571845e+01,4.438152586835204971e+01,4.333352062722353537e+01,2.514190108729949813e+01,3.053917464202282517e+01,5.105276682950852063e+01,4.709902433444608505e+01,1.382252738972996831e+01,5.988008595738519801e+01,4.802078617489753043e+01,3.606707418497767748e+01,2.493026777156533313e+01,5.350360040957639285e+01,2.000727233648687076e+01,2.261892729137195346e+01,7.032419502609315920e+00,3.229492858636164243e+01,3.064788013554772661e+01,3.923186655132693801e+01,3.431599978107308857e+01,1.011579367682163522e+01,1.424451564646823698e+01,4.019886267987380535e+01,4.640032322855100944e+01,4.175392829460945876e+01,5.349282799889175521e+01,4.381177630093027631e+01,2.191390362780123269e+01,4.012370534429214075e+01,4.191469485223703373e+01,2.844513399817876120e+01,2.110656643821989675e+01,4.626159997091283316e+01,3.136755611170732294e+01,3.505913407347460264e+01,1.575390150629865893e+01,4.845591048771922971e+01,4.857781162313518308e+01,2.216503860943729975e+01,8.842105556149350676e+00,4.606438753926220642e+01,3.956746129275423840e+01,2.832599443464983224e+01,3.382679179345996801e+01,1.701596146507110774e+01,2.033401742695647840e+01,4.135955611620798322e+01,2.247796857231710632e+01,1.090800916470841386e+01,3.514993671184407020e+01,2.714380913230540315e+01,5.150741812956026422e+01,3.140979311657624962e+01,1.267399270044319515e+01,2.946231406477662418e+01,4.371689070667972032e+01,3.879603774494769652e+01,4.391824776891468929e+01,1.868292679303710102e+01,5.858567072180257895e+01,3.021806694143088734e+01,2.055796611277563102e+01,2.388047289912051241e+01,3.029780096038204462e+01,4.838342634967023059e+01,1.535634910838370537e+01,1.420335765093665081e+01,4.310023044655019930e+01,3.658581264197422911e+01,3.262445515907337779e+01,3.506354230667306382e+01,5.254974090354449601e+01,4.198152728540119938e+01,2.818404574554130093e+01,4.411132732456668037e+01,6.722073389096799190e+00,6.900000000000000000e+01
3.189124934532361522e+01,3.224357392735329597e+01,4.837501320905398927e+01,2.994148702711262544e+01,3.286500912149922016e+01,5.432282382499130335e+01,4.141572579308868995e+01,1.849886497947710140e+01,4.982329507865431850e+01,3.377723311741468137e+01,2.788384665675562246e+01,4.624851110997485648e+01,3.014041718451254681e+01,3.921579596969582582e+01,4.602169719852194163e+01,5.519958809435079417e+01,3.927328136339782816e+01,3.667953030994218011e+01,3.772453489519615744e+01,2.476330746681869854e+01,3.266162059787087912e+01,3.147703569813648627e+01,4.248045455369010881e+01,6.196621103183031387e+00,6.318816362353474148e+01,2.953717092499879371e+01,4.994549586818599352e+01,4.395604774974518847e+01,3.130797784001221729e+01,2.003134723956213037e+01,3.566838920762753418e+01,3.579350181245210649e+01,3.042504624498850774e+01,2.608791195986923483e+01,4.970802172116812301e+01,3.559357246832657751e+01,2.975462019852462348e+01,4.354622290719617439e+01,1.518580186891873751e+01,3.109848102092042055e+01,3.694697232557755484e+01,3.531437516850813552e+01,3.202150481493460887e+01,2.406144731618630317e+01,1.755638727453892045e+01,3.089889597001353394e+01,3.563464703896823949e+01,3.056205239885924385e+01,1.069778240867999486e+01,7.103321902239166263e+00,3.564931444500559365e+01,3.106098406583284444e+01,1.232305620587501949e+01,3.593670115359626749e+01,2.714737924820327564e+01,3.033213143033057690e+01,2.395771215280826638e+01,1.092939589891095764e+01,3.222997502090038324e+01,5.212375436822910757e+01,4.500846916244048401e+01,3.640323472953867423e+01,2.684926989185839119e+01,9.591265448043220232e+00,4.184696801700113866e+01,2.339040138260476098e+01,3.756366286017396305e+01,3.729281727225713183e+01,1.939977113395517705e+01,3.160361349104835327e+01,2.105950600123418326e+01,3.101116916542688884e+01,4.022971322945044648e+01,2.987782484764321111e+01,2.312452079647214731e+01,3.354413893641811484e+01,1.909811675539852871e+01,2.870720288764351480e+01,2.837756972896418972e+01,3.010732692640863917e+01,7.000000000000000000e+01
5.529265971889926590e+01,4.281437477536849201e+01,4.326963422077214716e+01,5.064533301957795430e+01,4.498246045238276025e+01,3.959542461202985209e+01,6.381376767638106884e+01,4.521621302410567722e+01,5.039620907328664856e+01,2.095315773414394300e+01,3.495767269426124813e+01,3.103637329444049087e+01,3.727973640483258322e+01,6.054458379201318685e+00,3.744275843088384903e+01,4.936631358719866824e+01,3.765372207140360672e+01,2.897215146356002080e+01,9.741696351127195896e+00,2.366966761783257311e+01,4.110226206362218804e+00,2.336222840143169321e+01,5.386555789005027606e+01,3.871270784834948131e+01,4.160338761781535055e+01,4.237265409468174227e+01,3.432896229551652567e+01,4.552045926209012805e+01,1.013846742856526184e+01,3.158412257256296840e+01,4.568667023173066610e+01,4.108792810625269709e+01,3.308384218714680713e+01,3.077362306200664932e+01,3.009040982864266311e+01,4.826539444730924089e+01,4.159590970324344994e+01,3.776923673597131881e+01,4.244516438938357084e+01,6.668606474442570153e+00,4.906603471534807426e+01,5.941172501011934770e+01,4.963863927178055491e+01,4.822864461501442435e+01,3.668659199265691484e+01,4.064735055887721416e+01,3.538441555618418022e+01,4.656956537339772240e+01,4.491930962498167190e+01,5.666831146417197829e+01,3.929841076861225702e+01,3.630021746436975150e+01,3.156815603308720952e+01,3.157517261056755586e+01,1.697133737555622801e+01,2.963835463395878733e+01,3.988243961935332038e+01,2.889265078588459801e+01,1.769952122561937813e+01,2.192533800472107686e+01,3.072390612576428737e+01,3.393722847604137627e+01,2.629938250645448150e+01,1.664804323699214805e+01,2.255280537408759756e+01,4.716002897289033058e+01,1.137213485841705207e+01,2.705501727846978000e+01,3.238132394137835490e+01,4.074650480524175578e+01,2.059243778700953342e+01,3.774257865127660949e+01,3.880336860516094077e+01,1.239148034034740675e+01,2.607154917603320499e+01,3.261183243060160208e+01,3.331023680520889485e+01,2.390651596731411033e+01,2.248581320035579978e+01,3.391433197651023335e+01,7.100000000000000000e+01
3.541322874541805277e+01,4.340827473824617044e+01,4.279744624750463089e+01,4.711571738979145607e+01,4.855383241044174270e+01,4.165714069462256930e+01,1.577689047914798337e+01,5.398328384861213891e+01,3.761653281240282354e+01,3.995645906109840695e+01,4.100067193019064860e+01,4.961539318734585891e+01,4.594722627953863281e+01,4.145320568367450420e+01,4.304445340255061581e+01,4.439429982144216069e+01,1.344988143443745798e+01,3.685204224494559355e+01,3.536544664948839767e+01,4.506115850817411683e+01,4.165802773135350634e+01,2.161014389017440607e+01,1.498066812390631242e+01,3.047128473588810849e+01,4.504012447123363927e+01,3.090090251006256139e+01,5.082669502380334592e+01,2.795370700154360932e+01,4.773769194138913718e+01,5.324634372613029853e+01,4.733967033463345331e+01,4.375746425213952051e+01,1.538511674026542231e+01,3.893649431897404156e+01,1.429860377769513846e+01,4.240406214224432802e+01,3.072434989033429531e+01,5.416221470753848877e+01,3.473828655284255262e+01,4.424478523029222288e+01,2.784354978040372686e+01,5.100859639553003433e+01,1.555337677963044030e+01,3.268000388106182896e+01,1.224055150368532452e+01,2.007038906963869351e+01,3.470294901215642369e+01,2.814848984708985213e+01,2.455466050652457000e+01,1.330372997725429407e+01,4.996929197367158793e+01,1.689737938343938950e+01,4.720117221181166656e+01,4.092765271630499768e+01,3.984068932898763649e+01,4.669008248052859855e+00,2.501141317207940418e+01,3.354569720426973589e+01,3.145201078644882386e+01,3.899940234159280550e+01,2.307963360490470350e+01,3.011865921795870804e+01,4.627667789773566653e+01,3.356362281257148794e+01,5.686700086833927514e+01,3.458905654581738531e+01,3.467341535666484731e+01,9.638861093245283840e+00,2.845068851096966611e+01,1.803563012076629590e+01,1.806611322561299815e+01,2.879011426326058753e+01,5.146419068880796743e+01,2.414251703747927991e+01,7.883452839408238155e+00,2.928252186122368883e+01,3.643932848797854263e+01,4.898296284186496052e+01,2.306098090262432265e+01,4.345585309970972077e+01,7.200000000000000000e+01
5.194510295929192267e+01,3.442282725979713831e+01,1.492099555725220839e+01,1.798063497601943084e+01,2.291949587271868438e+01,4.837746609261923680e+00,4.496102018092346242e+01,3.945935679675235974e+01,3.121378041808427284e+01,2.017492569244710410e+01,3.660740563811546622e+01,4.630686775795368959e+01,4.462995439841309064e+01,6.352612752583338107e+01,5.344700082434995636e+01,5.656047664664149011e+01,2.090133805877373163e+01,4.746888158673228730e+01,3.224712319722273435e+01,2.173906514822573044e+01,3.984352967427284398e+01,6.377454321320221453e+01,3.753940545513636806e+01,5.072482358475916442e+01,8.151518604361495335e+00,2.580221891543764912e+01,5.987921189962762014e+01,4.064989091494545193e+01,4.805469034833549813e+01,6.761845451879806035e+01,2.642433274663379095e+01,2.649476596706942999e+01,3.997542430085183440e+01,2.879685332941731701e+01,4.366611986378033805e+01,1.990319295846707703e+01,3.366980995102061058e+01,3.124550290103418959e+01,6.123013440672623631e+01,2.624573530347502981e+01,4.816649833893857924e+00,3.157813759648671592e+01,2.537520484041713331e+01,5.313698647154236454e+01,4.356837687246285640e+01,2.140619882348534375e+01,2.451809669140475734e+01,2.919081217433664222e+01,4.052640924183664595e+01,2.334203684401251166e+01,4.990487950603908729e+01,5.412462120901572149e+01,5.606877810533038797e+01,6.293234126199909184e+00,1.259242548719781141e+01,4.998594980584358183e+01,1.938468613529991913e+01,4.574550952225461486e+01,2.567503460175539587e+01,5.498181504481811288e+01,2.981325501317048321e+01,4.069143815254818008e+01,1.185109657228412594e+01,2.967793523902392394e+01,2.281087606445411708e+01,4.897787205307823655e+01,2.522593954164713637e+01,5.248753137302439598e+01,2.873738795408698721e+01,1.511970466240258659e+01,9.075455528234970259e+00,4.484088023209094587e+01,1.618467959852187121e+01,2.848352520160631940e+01,2.275605950434988145e+01,2.646385590847845393e+01,1.016785818321113943e+01,2.159146981987209912e+01,2.587959948498795626e+01,1.494213171425850462e+01,7.300000000000000000e+01
3.030087903826179385e+01,2.686230569584142458e+01,5.226128454944081625e+01,3.082393873524292260e+01,4.402289398557249456e+01,2.177552398092147001e+01,2.128624413143893790e+01,4.545897286983781527e+01,3.511051101836724087e+01,6.534676835522263616e+01,5.252450934259913851e+01,5.693874742460840821e+01,6.369615167564712976e+01,4.636679379059899020e+01,3.361261315237395308e+01,4.526779761293215643e+01,4.505167893025831916e+01,5.417582777675098527e+01,6.266905442775029655e+01,4.446447009247685322e+00,4.478764575228310463e+01,3.719906507808730822e+01,4.934419572844199564e+01,5.182215152104122069e+01,1.457625087555582510e+01,5.067081025803770444e+01,3.945704655364284719e+01,3.387444224050143049e+01,6.003555142973247172e+01,5.718032338498147737e+01,4.677389038440158942e+01,9.281716238371194194e+00,2.610341253963618868e+01,3.473908737465092855e+01,5.028665370081225916e+01,4.139527343403682380e+01,4.251642066152012944e+01,7.573471899680507491e+00,3.546244732501073571e+01,4.643983354299350452e+01,4.137226368949543343e+01,6.437881884696221846e+01,2.186389543560143522e+01,2.388528224141202827e+01,1.972002345264674972e+01,2.936063382219033713e+01,3.877434221264910974e+01,7.761907473240570177e+00,4.925956047501394863e+01,3.790792747525443218e+01,4.297487928569589855e+01,5.344618034177712218e+01,1.705135901592564451e+01,4.477206202952213943e+01,1.943835899829072389e+01,3.210084369512646418e+01,6.182797547047312037e+01,4.860418252570121922e+01,1.266976818902098678e+01,5.502953178227500963e+00,4.248992509735075629e+01,3.477787863539271740e+01,5.252090779068127802e+01,6.624134900833736594e+01,5.123674873894392334e+01,2.327706205636546954e+01,5.672355875365751388e+01,4.134858832127812889e+01,5.045915484910109683e+01,3.062698387822931423e+01,3.496542060723454881e+01,5.219294944733206165e+01,1.514892356784272920e+01,2.160855721574521482e+01,5.258018427929381744e+01,5.211912060756198173e+00,3.729589834048990582e+01,7.675900472187916712e+00,3.543535738864141393e+01,5.128586327758650043e+01,7.400000000000000000e+01
5.565207414544319420e+01,6.631371180419486677e+01,4.316883108861649987e+01,5.397734035807125963e+01,5.971382312676678339e+01,4.543838550187133762e+01,3.027913690543002900e+01,2.549758390781282102e+01,7.520483250018647148e+00,4.064041213665696262e+01,6.069316393837822687e+01,5.138927815088509732e+01,5.082443069708069316e+01,4.454228323235574294e+01,6.097171406114286896e+01,3.814939856168491161e+01,6.345653082007697066e+01,5.818469372216544855e+01,5.813479100264564181e+01,3.278654624748781998e+01,2.357949818892912219e+01,6.451910411952164282e+01,5.265659410646833294e+01,5.315767437158580577e+01,5.684211226177434639e+01,5.789171687528887844e+01,4.346703835145019212e+01,4.415156362303773108e+01,5.433908655190217019e+01,4.126294404743423883e+01,3.088850382000113370e+01,4.740044331229150032e+01,4.131324683793347496e+00,5.613554035192066749e+01,5.404517584129244767e+01,2.717696757473127889e+01,4.317315998679347899e+00,3.381018694444731665e+01,4.909271246653844400e+01,4.072017306939351045e+01,3.264155092227625232e+01,5.439706510471548739e+01,4.633467243787217882e+01,3.687493931045834472e+01,4.209274272564618258e+01,5.119942386521245226e+01,4.283896277364557648e+01,4.632653463505857871e+01,4.627392978526777512e+01,5.988821703585004741e+01,3.974473767492857945e+01,4.225442050438787334e+01,4.700966160728702903e+01,7.445220187176710169e+01,5.230793688376417094e+01,5.176524359183009949e+01,5.625488853318521620e+01,5.876903095016984935e+01,4.659297013280746569e+01,5.232712735935296067e+00,5.241700367504309099e+01,5.989513901682043695e+01,5.593570076256375501e+01,2.494431279029784321e+01,6.959370329272998390e+01,4.618647966060541421e+01,6.255202010775975907e+01,3.522954329011395203e+01,2.872332268563710400e+01,5.068248016289322777e+01,2.453643239495686501e+01,4.673880189646632033e+01,2.687167766236519384e+01,3.775365577270750350e+01,4.611065170687199810e+01,6.071557593358625837e+01,3.761450012405601484e+01,4.122079106083290156e+01,3.448475162357614465e+01,4.419636887683087423e+01,7.500000000000000000e+01
3.540675452682842916e+01,4.358323932876763251e+01,4.968762465301925602e+01,5.090387992447917043e+01,6.169252612238814493e+01,6.306268199759025350e+01,3.343201075922598164e+01,6.300161911893328970e+00,4.828036879993722863e+01,5.378213848464982050e+01,4.914831118883431316e+01,4.743081018926307735e+01,5.298801605159860628e+01,9.401879765260851229e+00,6.804469024539051247e+01,6.003153557443074106e+01,3.673783649023488351e+01,5.249071651102875791e+01,5.440336491855950385e+01,3.323033558023661271e+01,6.248926787956634854e+01,6.379964263662388646e+01,6.405396104727738305e+01,3.051649673604792312e+01,5.232626556988945765e+01,6.777900559887987697e+01,4.578401662763756974e+01,3.964492630858131861e+01,6.866098196454272795e+01,5.924959436961719916e+01,2.358808512711769012e+01,6.561604428463384764e+00,2.583834332148070345e+01,3.303329411118584602e+01,6.411851853570145465e+01,6.378169463217631119e+01,2.836813626089239193e+01,4.812904905997728378e+01,5.319053442828678158e+01,7.474727760577475522e+01,5.964497251920823118e+01,5.746141492734967215e+01,1.250020695858799868e+01,4.734006600424874023e+01,1.015216406767850188e+01,3.460034903168169507e+01,3.892437404370549814e+01,3.271968342250410444e+01,5.040301884440712854e+01,2.793994139676030031e+01,2.964457956205870559e+01,4.705358087423910263e+01,5.870594327929682521e+01,3.370774036906885129e+01,6.164014907729077919e+01,4.590870246684420408e+01,5.410048755664095665e+01,3.063202270983051889e+01,5.048272062501347790e+01,5.542036493633812455e+01,6.840305687066872053e+01,4.173688550624490290e+01,4.458965507085397917e+01,4.539309355163113935e+01,4.763821827782846441e+01,2.309089196841983593e+01,4.184345242956850797e+01,2.412155790174515602e+01,3.973123705068883282e+01,4.223338206904471548e+01,1.545293246704985357e+01,6.677305973086289725e+01,4.029784374904246391e+01,4.456190017138239057e+01,5.404114394883876571e+01,3.425597925274220756e+01,3.809182920372107617e+01,5.604527419430556989e+01,6.834491162681810295e+01,3.432785180951258752e+01,7.600000000000000000e+01
4.228772535171934521e+01,5.952368012787047036e+01,5.818104411627815153e+01,5.335614427700541995e+01,7.007442935849709897e+01,4.963034485683323993e+01,3.727591435557202004e+01,4.218958742029711573e+01,4.548908808336018694e+01,3.503660917485647275e+01,5.711864644366437460e+01,6.062725629402667238e+01,5.310617236790003659e+01,5.498386058441396074e+01,5.602103880205399378e+01,3.541716989471307642e+01,4.396141845638776857e+01,7.205632996008057489e+01,5.777460794400632693e+01,5.789350435201615852e+01,4.583586611724542337e+01,1.214794347439449851e+01,4.774107958275393315e+01,5.036082481676233868e+01,7.293183363807092690e+01,2.095532742975366958e+01,2.693934654993369904e+01,4.904070969173688610e+01,5.094064801949349430e+01,5.617713216703592138e+01,3.408201712857604804e+01,5.770663749493268568e+01,6.575171348257141801e+01,4.955644873369958958e+01,1.578303513151444903e+00,4.862065974844118443e+01,6.946836992230704766e+01,5.431812532507757396e+01,4.703924534949952374e+01,5.721601286285242338e+01,7.168635753065953509e+01,4.254263478114653907e+01,5.298556007601575857e+01,5.669450737283870723e+01,1.987693673651980220e+01,4.845656856150407066e+01,5.782688927118564237e+01,5.632654810963945380e+01,5.300262339038054904e+01,3.416909441443687001e+01,5.700223253092123343e+01,3.081751842396564101e+01,6.481485378105487882e+01,1.921353687711206248e+01,5.531305735882136787e+01,1.782759252447254639e+01,6.160310390104571354e+01,3.397169515741412482e+01,2.721259454425860724e+01,2.127641287892021538e+01,6.714170995675632980e+01,2.086799482013479334e+01,2.953948898021761593e+01,5.688826366620290997e+01,5.283673972048031686e+01,5.502177033769823566e+01,4.670666557449293066e+01,4.825589714819910370e+01,5.976752638351147340e+01,6.615649205271947153e+01,2.115146079904576837e+01,5.895451084674979825e+01,4.214044147754583491e+01,6.384684201197456588e+01,5.575895710327831267e+01,4.863615961853219716e+01,8.988098338821551181e+00,4.739712973315509714e+01,6.491202144639888161e+01,6.396340422692743743e+01,7.700000000000000000e+01
5.892928621641346609e+01,5.769282045483755894e+01,6.984623501878014906e+01,5.417270266493175512e+01,7.006233953771547363e+01,2.363666506902588793e+01,4.187669856377679878e+01,3.505146567491271270e+01,5.342839089340942138e+01,3.816105649016991208e+01,1.592787289971908571e+01,6.585326954531046795e+01,5.895694513975755058e+01,5.913454755102488036e+01,4.616315690659590132e+01,7.454538054080759935e+01,4.725254703731220474e+01,3.020662536653653163e+01,6.197316812198329927e+01,6.187083141243716256e+01,6.421170339550461392e+01,4.104477975237062282e+01,5.295065122874680696e+01,7.094230235577653332e+01,6.685675086796894107e+01,6.167683774630486226e+01,6.254502400569302978e+01,5.982911345073869569e+01,5.913877726736881613e+01,2.999507019632482496e+01,6.208540801929942887e+01,2.828234946920525417e+01,6.951735552969168452e+01,6.548345106461606235e+01,2.563893311764769933e+01,5.848135478388842046e+01,4.011539870691628096e+01,7.049929165346611626e+01,1.352287366864372409e+01,6.451561289665818322e+01,7.106870393530138585e+01,2.326666432928043982e+00,3.670422755653391533e+01,4.337615552348342618e+01,6.299510701878005392e+01,5.516598542919353321e+01,5.456508369596104302e+01,4.796107568506170793e+01,4.346027139358892555e+01,4.515779053587399972e+01,3.446658175092397869e+01,6.339873779200008386e+01,3.591279543779241124e+01,3.581864202392496566e+01,6.164815990192179385e+01,3.575296355817629745e+01,4.905429434259523447e+01,6.796595779179956764e+01,3.709038600001954222e+01,5.836592950489137621e+01,7.776964633971684293e+01,2.624945993276597633e+01,4.212055706265217481e+01,5.696633608930570603e+01,4.080733792023288231e+01,4.093732550275743876e+01,7.603327608032688545e+01,4.584158072472450840e+01,5.539152541129303842e+01,1.905596020584207295e+01,6.296221390652308258e+01,5.045835222461255398e+01,5.783740318484990439e+01,4.566329056827624555e+01,6.877063041222805850e+01,5.184265462300601968e+01,7.346675420807518719e+01,1.369996560154881848e+01,4.906264718732828101e+01,6.003836723928094443e+01,7.800000000000000000e+01
6.624338551409395848e+01,4.987216257179315448e+01,4.475869243183040425e+01,2.013004412294034751e+01,4.261857904969703981e+01,6.199575567485742766e+01,6.582646268811424761e+01,7.025076272142466394e+01,2.726344061848372746e+01,5.883306888160665693e+01,6.988455775987409879e+01,4.060956535083574437e+01,6.398750489161189847e+01,5.841730308017320539e+01,6.456639027596366986e+01,6.150618880808402622e+01,5.388345463352052889e+01,5.577609465879776707e+01,5.423477331375984534e+01,3.497744074182892859e+01,7.096902294395916044e+01,5.097994755798896449e+01,6.717553038213496563e+01,4.801912464881704778e+01,4.490288705916257328e+01,4.948993367341083882e+01,3.646315109920350750e+01,3.738464660240736492e+01,6.070203205134450286e+01,6.019820116990599956e+01,5.695400027888022976e+01,5.046670714330035423e+01,6.226396901227615643e+01,3.687815230645637143e+01,4.236285151178920927e+01,5.956564277545732011e+01,6.343284459932539221e+01,6.179248076009019996e+01,5.902414248645498418e+01,6.416036546480528102e+01,6.225772584719960179e+01,4.549559409310527514e+01,6.764974439939405215e+01,5.438212438325966680e+00,5.353914523383003399e+01,6.306610390445508330e+01,5.672915916717508367e+01,2.636016880579830968e+01,5.155484168816006729e+01,5.351503434200277809e+01,3.329329657070100978e+01,5.250541541156405145e+01,5.450982956896147869e+01,4.754486588734948782e+01,7.073351585132841990e+01,6.698235397188868490e+01,3.625424192527872691e+01,1.408451680305801190e+01,8.973198187999429365e+00,5.668551003299715774e+01,3.718618259028373529e+01,1.777760959895798010e+01,6.427121716260428741e+01,5.050753617459915290e+01,4.104631684123258140e+01,8.185567275067425896e+01,7.861668743216631583e+01,7.113307430273026455e+01,4.413941852897696805e+01,4.804268584377408047e+01,4.460132545166905516e+01,6.360925703510307017e+01,6.358441564506222221e+01,4.354323361409633719e+01,5.657685282079773970e+01,6.866828644328127496e+01,5.970588410567048498e+01,5.058640329165215377e+01,3.757507709767902782e+01,5.638915863242932147e+01,7.900000000000000000e+01
6.195587438939261915e+01,5.556359804147815140e+01,4.298746627559570754e+01,6.314155250753817938e+01,6.032644354606709669e+01,3.517865084912985907e+01,5.826948669979471873e+01,6.165607248725995504e+01,5.742088713964705704e+01,6.305997527024690896e+01,5.390282900554638701e+01,6.402686810106254711e+01,5.880011209171151876e+01,3.023234223438784340e+01,5.642150711340150337e+01,6.375531184894936843e+01,6.484562740812970105e+01,5.161179354783549655e+01,4.700863936873923166e+01,5.996708721222690031e+01,4.829180294666555540e+01,6.820490227140061279e+01,5.829634232172794839e+01,7.254291319648507397e+01,6.248797255849597576e+01,5.864094227995962427e+01,5.974750752494868067e+01,6.070843353675461174e+01,5.499438402024108541e+01,2.215459627992425951e+01,3.016249354897063029e+01,6.469642459259253542e+01,5.499433117263347270e+01,6.640885560598972859e+01,5.482460331369464512e+01,6.273006743505591487e+01,5.660444989109460323e+01,2.137185011072667251e+01,4.937337004057977197e+01,4.868644919388459869e+01,6.432795051927556074e+01,6.913921892919370293e+01,3.926954796347751397e+01,5.598837514239509261e+01,5.751358808756187813e+01,4.726976094785215565e+01,7.769261940559027835e+01,3.022712254517322350e+01,5.185287233530303297e+01,6.611738613784133634e+01,5.805871714644144532e+01,5.287649213607324583e+01,2.407120229905087427e+01,6.157951076335787377e+01,5.301844985941732347e+01,5.642630102748117338e+01,5.148733361069755432e+01,6.418574707858321915e+01,6.005985716188951784e+01,5.639629909596462909e+01,5.784976054181546345e+01,4.192721158926335789e+01,5.436942001546520231e+01,5.290783782558883530e+01,4.467847826965388691e+01,6.056315673004478839e+01,7.813902014944872576e+01,5.330573321294051681e+01,5.021449244541803125e+01,2.471876439440652362e+01,3.928742041172303345e+01,3.345847457793362167e+01,1.856025416798531325e+01,6.018219032803813917e+01,5.536517244683318495e+01,3.898752152283068284e+01,4.528665282908445988e+01,4.449231927357526928e+01,4.635290217381380273e+01,6.560010368193785268e+01,8.000000000000000000e+01
5.411962553214836902e+01,1.051931686291663581e+01,7.122089054929347185e+01,4.788910646524033154e+01,6.787634594609362182e+01,6.623435863077484953e+01,4.360395094098200275e+01,2.785138618095622576e+01,6.615724054084287786e+01,4.339257980910682733e+01,5.714728406080099887e+01,6.807649101689668214e+01,6.946263182828485583e+01,5.761135994258233239e+01,7.468097220888331833e+01,6.729579812445116715e+01,3.690826739272581847e+01,5.854494895568618062e+01,4.850680355170988634e+01,6.779907738849396992e+01,6.445842739489401652e+01,5.797522661302737390e+01,5.323044285533459430e+01,1.829066120806626472e+01,5.990480709119754721e+01,6.397749562964628467e+01,4.931560456694323591e+01,6.091652153246929657e+01,5.029562766210796454e+00,6.031956225740212574e+01,4.427245740116266148e+01,5.422463514465898271e+01,6.199368160144525319e+01,5.826319155582857690e+01,4.221567803837911725e+01,6.024755695289606194e+01,7.213645015554438089e+01,2.452076147867255074e+01,5.554330273845673105e+01,6.205112697817757805e+01,6.551818321368723730e+01,6.314795198899518169e+01,6.339849104614776110e+01,7.674358276663191702e+01,4.316464021167223564e+01,4.867671568446582775e+00,5.358445284773665662e+01,6.359699977125310255e+01,6.843141057074468847e+01,5.915557785687771286e+01,5.557983932844829411e+01,5.063971177623692199e+01,6.168489505145287666e+01,4.751330301359393360e+01,3.541837343600533927e+01,7.188404560765899021e+01,5.571162902911488857e+01,5.563859237902077126e+01,6.065226264372627440e+01,4.344586744150238644e+01,5.444035880961116192e+01,6.342549730094136606e+01,7.377425673317219434e+01,6.900146788554587829e+01,4.518098392882454561e+01,6.147622058778247833e+01,6.545377066919468234e+01,2.164468368055157299e+01,6.594798760033401663e+01,5.442494053505585327e+01,6.426758988178839616e+01,5.743739426665167258e+01,3.578353767175912736e+01,6.431983924324426027e+01,6.551464907927989145e+01,5.716695814751876270e+01,2.283247766986955085e+01,6.797287135722385187e+01,5.533810473367623217e+01,6.691319417159708394e+01,8.100000000000000000e+01
4.705579478252043657e+01,5.405342045765041803e+01,4.873098291543757909e+01,5.474790876229346992e+01,5.993018809355864818e+01,5.127984105891790279e+01,6.140146813446434493e+01,5.042196499060022319e+01,7.189707037170752812e+01,2.676986688147001558e+01,1.448681160344032115e+01,6.646890737609550115e+01,1.107726721924683488e+01,3.165312918178345925e+01,4.808994501395968513e+01,4.718783420933984729e+01,5.682288605928174974e+01,6.792104228579898972e+01,2.766939858153854814e+01,6.064555705729561907e+01,6.517321339341847874e+01,7.070304638260274999e+01,6.990437486208885787e+01,3.283333780009944292e+01,6.370593978836232196e+01,3.647301707791142178e+01,6.660841521133150422e+01,6.052998430436830546e+01,4.868589388132036788e+01,6.189455157018788611e+01,5.304607764806672066e+01,5.089964825804445070e+01,7.396858758626206054e+01,7.221990332525318479e+01,1.338590108153754166e+01,2.968382630155299395e+01,4.993095928166374620e+01,6.354074449819810866e+01,5.253581285028473502e+01,6.686763543292032352e+01,6.078534496103601725e+01,7.153810656902759035e+01,3.704476113641825918e+01,5.994062078698610208e+01,5.990439489061194678e+01,5.240316258302383545e+01,5.568390312152390464e+01,7.102497833829410467e+01,2.806003319694045217e+01,4.856641718509590788e+01,4.178356838678710261e+01,6.380390096963721902e+01,4.218511754947345338e+01,5.396814695644518167e+01,5.985027985403133499e+01,4.025905248324963992e+01,1.306696975472858924e+01,6.605530254766102871e+01,4.575623910699155772e+01,7.273703069865953807e+01,4.419892442714088787e+01,2.274894450900205456e+01,5.734864524300085975e+01,7.244540152773220498e+00,6.301504628914801032e+01,6.157794613680310647e+01,2.692728276584902147e+01,5.459879733701501436e+01,4.549503228039613845e+01,4.318303508443550953e+01,6.099152685136848362e+01,6.171358741119422575e+01,4.700434137616316832e+01,5.811199056738561808e+01,6.656473105712431959e+01,2.175696063046877882e+01,6.484745983680268466e+01,6.252317727541068848e+01,5.927801933614509977e+01,5.737290643216240227e+01,8.200000000000000000e+01
4.915528378310443003e+01,4.525512636197736072e+01,5.943131324743968236e+01,3.422726938023169652e+01,4.556087830947002715e+01,6.796088492800154768e+01,5.909045896358554018e+01,8.326636908262555536e+00,6.999359470076205980e+01,5.972515859130495386e+01,6.915618810023377705e+01,7.058898170942292438e+01,4.480810676181044272e+01,7.653445348969049178e+01,3.060248226979853570e+01,5.704767049002148838e+01,2.674261289110876305e+01,4.550399332111184947e+01,7.106974087691826014e+01,6.509302777303720688e+01,5.345705391293106601e+01,7.911229342117192687e+01,2.005180067787836151e+01,4.361398202407060154e+01,4.108235622271152465e+01,6.250650564875375181e+01,7.784640517847631713e+01,5.784751714413759771e+01,6.573432450596096999e+01,6.242295028451636796e+01,4.630139274269848926e+01,5.409683245497996751e+01,7.631121575746529118e+01,7.436543606149416519e+01,4.618747185911775688e+01,6.875112327054985428e+01,1.628614086812421391e+01,5.647617401337168985e+01,3.750642579567534085e+01,5.632513305823844973e+01,3.641897939270574369e+01,2.341274192114116204e+01,5.221420067688850253e+01,4.706070567961163675e+01,5.529238677323525053e+01,3.308096220547369626e+01,3.353128569064605102e+01,5.187951848868397065e+01,6.424972053060248811e+01,1.838582431589150357e+00,3.544188759257230004e+01,4.191695825000360998e+01,5.544902128527937180e+01,6.611087695783226081e+01,5.121543332385316916e+01,3.756502614793966188e+01,6.113338013072230837e+01,6.863965311021456728e+01,5.658901594258833256e+01,5.684552896215039652e+01,3.113494708636700281e+01,5.888408503357247525e+01,4.065480098205010506e+01,4.436758052482587544e+01,4.031398248895054337e+01,1.961108971041721105e+01,4.658836608862621631e+01,2.083367205284120871e+01,6.095728195254902460e+01,6.281377877104677765e+01,4.980417393114771585e+01,1.529113723787625645e+01,4.124524982675072238e+01,5.822513087413233279e+01,6.164702823595573022e+01,3.831610459724163320e+01,1.314361816522889903e+01,4.885139405004996149e+01,5.345183590279857810e+01,4.624109902677943751e+01,8.300000000000000000e+01
6.775599391922297343e+01,4.383875599252927202e+01,5.956410502898663850e+01,5.925032550673007847e+01,4.640781255520518300e+01,5.567078277807782172e+01,5.879758543087253742e+01,6.912660487504791718e+01,7.310948103266913733e+01,6.387429247992046299e+01,6.576962329866303492e+01,4.464722306288072673e+01,6.330437128731403362e+01,6.378532836389656069e+01,1.816694050715902264e+01,5.988054099329459490e+01,7.297185478466715836e+01,6.852886815295428846e+01,7.364726334527956908e+01,5.678220466229882391e+01,4.512293989055390142e+01,6.368289535485160968e+01,5.149109031111353119e+01,1.839139133114108304e+01,6.285222994621585002e+01,5.877865886055023026e+01,5.078923014022365834e+01,6.654197513300546518e+01,6.672097542281946403e+01,4.072007425653793433e+01,4.190003413234678931e+01,4.695249670885467630e+00,6.612928122478659532e+01,6.203068554216964969e+01,6.141270509063456728e+01,1.873871402952740794e+01,7.890492393775673463e+01,3.974474232204182300e+01,7.095566980520197831e+01,6.871907854464731713e+01,5.152823308162479776e+01,3.141943004343135826e+01,6.728302906198068456e+01,4.533697004131782649e+01,6.033828927641064865e+01,6.692095828631578058e+01,1.414888111271714344e+01,6.566265770464175944e+01,5.648718728412778489e+01,7.248251844300621372e+01,6.975226046013902703e+01,5.049078654996451121e+01,6.207484874374461725e+01,3.675145183157648177e+01,5.316168000953136641e+01,5.385120708460652850e+01,7.243051420606848012e+01,4.743588961400623560e+01,7.413075423218100468e+01,2.716400138309169066e+01,2.441886655699669006e+01,4.306204160384636737e+01,6.003887444334087320e+01,6.031231942172544080e+01,5.613108893273147970e+01,8.143749654157372220e+01,7.774118109031738300e+01,6.545769850816230928e+01,4.000162191232893605e+01,6.597460286404927388e+01,3.168054465908419459e+01,6.365279634733595060e+01,5.917383950657742275e+01,5.192234691312725658e+01,5.977158406936965207e+01,2.861058142896756706e+01,5.342185175279111320e+01,6.495399078124101777e+01,6.769593255504676677e+01,6.038734261837629447e+01,8.400000000000000000e+01
7.298006679774891836e+01,6.711956035035437651e+01,6.778629572153745642e+01,8.146967369493253841e+00,7.117199074199270115e+01,7.614077291080337773e+01,4.462882575576976052e+01,6.236629971038919251e+01,5.095685692277991308e+01,7.504323318807087162e+01,5.584720044835678721e+01,6.990088364112297370e+01,5.988262355957128591e+01,2.350419930513848499e+01,4.765214876031366487e+01,5.036498848346719370e+01,6.031422977007787267e+01,5.844986907908219109e+01,7.277972964744792250e+01,1.128798874417621079e+01,2.158806894429044476e+01,5.420746322374514392e+01,5.612053755621055018e+01,5.633600671731339560e+01,5.869035624951968089e+01,6.180963256977750575e+01,6.810351454150074346e+01,5.059821563964708702e+01,5.993901566109213519e+01,6.453646502475668001e+01,7.306369305011835991e+01,7.180450214363305861e+01,1.080681749513529510e+01,5.294420347462403242e+01,2.463104261157078767e+01,6.713098045430021443e+01,6.168036006335515253e+01,4.489659826371340756e+01,7.413760639922219298e+01,5.977857134831334207e+01,2.424058378819932713e+01,3.304390440298689668e+01,6.808255355031769795e+01,6.502960802679507424e+01,7.104760039263230453e+01,6.614494592110500548e+01,2.951185365215622980e+01,7.770276086278529704e+01,2.732138048280773290e+01,6.054335155484722719e+01,6.350637139057658231e+01,6.994361145760828435e+01,3.427855773875129586e+01,4.436476772303861793e+01,1.273458692682465099e+01,6.398158161170903213e+01,5.122441749248257992e+01,7.866486629411430442e+01,5.576375892384262301e+01,5.318576821825919154e+01,3.039680007806433792e+01,7.812654808989253752e+01,6.926953784578314810e+01,6.323827707974341905e+01,4.285182254151084180e+01,7.695748989379393379e+01,4.977164212028630175e+01,4.133649627520141223e+01,6.447202332243470835e+01,6.755991395705586910e+01,5.004360312336589800e+01,1.411677767645043957e+01,5.035745923912847388e+01,1.672531199431301729e+01,5.117756154312215244e+01,6.671624942632124089e+01,5.770296436970411236e+01,7.750356393089538187e+01,6.064331544754890757e+01,1.357730324108055520e+01,8.500000000000000000e+01
2.631123558573063903e+01,6.413558842660133053e+01,6.934716449144941919e+01,6.386508139289774277e+01,5.568532452399986710e+01,6.664798669715044355e+01,1.350083952738083504e+01,6.539313991136427262e+01,7.389154947795699968e+01,7.240484834238056067e+01,7.686887747710872532e+01,7.408736011118114106e+01,6.960516170538039660e+01,6.196659428860530028e+01,5.769109044584518387e+01,3.688451533155655682e+01,4.862948031462939724e+01,7.327604350114930298e+01,6.032908739090975558e+01,5.071507505942597049e+01,3.995589865346075698e+01,5.432721644827290675e+01,6.491424589393375300e+01,5.731849106741963595e+01,8.092379563888164284e+01,5.955164035184689908e+01,6.204563968612961844e+01,5.516056877448565388e+01,5.973500080025908687e+01,2.396485131310887695e+01,6.402475754544788344e+01,7.828572741767109733e+01,8.250190855223431186e+01,6.765525165122367923e+01,6.410566533525094712e+01,7.087169951640785825e+01,5.719461603752670698e+01,6.866260023417621028e+01,5.827641950226163914e+01,7.136717242230068337e+01,6.913117131963421969e+01,6.441171040981896567e+01,7.231018485596391088e+01,7.665569483697585440e+01,6.062182964386148143e+01,6.807952813509369605e+01,6.160576677306507065e+01,3.379156482859274746e+01,5.424233344739815976e+01,6.237053250556981254e+01,2.185010840286648204e+01,8.419736127155916350e+00,6.769027014405904197e+01,6.988389680331687259e+01,7.120019601208524307e+01,7.107635508630595211e+01,4.414196819546358341e+01,4.060409650878438725e+01,7.111554167173343899e+01,4.471067555837127827e+01,5.543489806112561524e+01,7.259108239710877797e+01,5.616459891668898763e+01,6.345874863518573505e+01,6.235196494717728655e+01,6.897591375948999826e+01,3.445642588162136377e+01,5.629338547736114862e+01,7.296961816868454775e+01,5.169451249661361203e+01,6.997349371881199431e+01,7.112133268320276613e+01,5.166699193900173981e+01,4.093752697955235220e+01,5.375963064778635214e+01,5.740000313856769765e+01,1.934320278930151815e+01,4.392021582249380174e+01,7.313742694482114359e+01,7.124763916506570638e+01,8.600000000000000000e+01
4.527886111828484417e+01,4.972830049380507234e+01,5.935608940478257978e+01,6.053398103794909701e+01,7.419713023666770368e+01,6.368371744500328901e+01,6.234479228379538540e+01,6.310898671325336551e+01,3.923673799362189296e+00,5.268752072995842184e+01,7.418452177837299644e+01,7.072658475157949454e+01,5.635092273557518894e+01,4.948264078213202311e+01,7.055054325345855659e+01,6.303238301188261516e+01,4.054591690684034688e+01,7.341857170813031530e+01,7.820275398933156907e+01,5.720929479040003685e+01,6.459607416098242538e+01,7.552213921178083922e+01,6.492434812361062768e+01,8.151243100773393735e+01,6.146438410718932488e+01,6.578971089382199011e+01,6.225133374221061189e+01,4.873021675697366106e+01,5.493161950637848889e+01,7.512679541641506376e+01,4.563994169924967537e+01,6.722519621294746628e+01,6.600405615056261865e+01,3.998280490936848963e+01,6.932868495475483428e+01,5.902230012211872889e+01,7.179711796602671825e+01,3.424747556006325055e+01,6.637353502668001681e+01,6.416229465829511014e+01,6.065641186060707213e+01,3.470666024591122323e+01,5.574149370237198298e+01,5.232079417750120598e+01,4.677231203299394480e+01,5.632512349417779518e+01,7.126370373202257724e+01,1.684423445019351107e+01,6.737712380967599302e+01,7.368867863178289213e+01,5.200400674080451324e+01,1.437380515780736445e+01,6.033047524145913343e+01,7.074122770828375906e+01,2.181204874800552318e+01,5.497391848249245072e+01,6.927456183501936948e+01,4.228711362215300085e+01,1.479132233114443551e+01,7.838481697337270759e+01,6.483473176006003769e+01,7.034227785139029265e+01,7.127753627277422765e+01,5.569546278068815326e+01,7.187423868254010983e+01,7.001114638981695748e+01,1.286050880576818400e+01,4.199538809792831984e+01,7.132561833867198686e+01,4.623480911845877017e+01,4.425297739788437923e+01,6.402159083493539526e+01,7.278945170552702848e+01,4.631731552550196795e+01,4.423655386788378507e+01,4.536221481351636697e+01,5.271181481249606549e+01,2.393967473753293973e+01,4.619690666407763757e+01,7.364350527655783196e+01,8.700000000000000000e+01
5.569993869839284173e+01,6.805908016617220824e+01,7.319817792655342714e+01,6.748542423895243303e+01,6.933633825562723985e+01,6.647945089978055933e+01,4.061036361524939764e+01,5.618293541804009550e+01,6.958420331488683530e+01,3.731491293766225681e+01,7.220748468560407218e+01,1.251146429216448830e+01,6.176518817640855019e+01,4.131499109718259888e+01,2.015545477790299600e+01,4.894262825657679628e+01,6.282830861570860748e+01,7.643788347550585627e+01,3.857500541129071792e+01,7.087724121650511222e+01,6.565157452949537742e+01,3.928062443936429560e+01,4.867902866146784646e+01,4.936232317999794361e+01,7.209351061837175223e+01,6.507261081475601827e+01,6.911783602664885962e+01,4.953279699123130797e+01,6.600163887086331727e+01,6.778116543658590842e+01,6.818194265700495293e+01,7.709422676164314225e+01,5.595854619363382909e+01,4.923796497268294559e+01,5.912178182102058344e+01,7.708573200783733625e+01,6.817206362864598646e+01,8.139332350209670608e+01,5.919496771196193663e+01,5.670219363748050512e+01,6.310393610826654509e+01,8.546717244691555493e+01,6.012181858664153111e+01,6.381894143287143351e+01,8.423908412112105282e+01,6.851875368762759422e+01,3.699746496762816150e+01,6.578045455023892885e+01,8.136012900767896383e+01,7.078472281681625589e+01,5.937611334122675544e+01,7.501339729291909464e+01,7.310812098901213574e+01,6.867661436551178156e+01,5.512461956031245336e+01,1.270496571426863675e+01,2.972904344923691866e+01,7.145223203237169685e+01,3.509082086680162860e+01,7.590860209396967662e+01,7.125470467062714874e+01,7.233668423130355052e+01,6.087627794100513512e+01,7.715461373743353590e+01,7.408045477854528826e+01,5.063575736572100539e+01,4.356015140251766127e+01,6.782678121198620147e+01,8.095650187331574443e+01,6.181248215614722596e+01,6.410346802543710965e+01,7.682734716034835287e+01,6.702157954031086717e+01,4.534940220464099525e+01,4.176757508353508541e+01,6.832354157716935106e+01,6.409802139198454540e+01,7.484311137655647883e+01,6.160743631911326901e+01,3.561672204494713156e+01,8.800000000000000000e+01
7.317250241421453438e+01,7.239062179303650169e+01,5.419089323920410806e+01,6.008110991685122571e+01,7.494146067599477590e+01,7.279729919919338954e+01,6.498436589358493620e+01,1.996820320211514499e+01,7.618414975912500609e+01,7.272939351299297073e+01,7.073354071716822489e+01,4.605051404967715456e+01,6.839863508136735959e+01,6.099806160173648095e+01,7.940922507750832438e+01,3.085942614776449489e+01,6.237253464998872232e+01,6.815105429480649946e+01,6.636014985924255427e+01,5.052082059677437798e+01,7.120778222690125858e+01,5.899024377936275698e+01,5.106192866228469995e+01,6.433254399996316408e+01,3.171462495361068434e+01,3.124088389877748284e+01,4.022592346352328718e+01,7.707789278604786887e+01,4.162751460873638365e+01,7.651789466909652049e+01,6.286980708595022094e+01,1.498319559369677556e+01,6.179305028209909523e+01,7.313027133595802809e+01,7.906910909681199939e+01,6.080948949873361187e+01,6.976059106817857014e+01,6.058901506149509686e+01,5.392926973484309627e+01,5.985706164941268526e+01,4.459791269311946849e+01,6.706139587405172620e+01,3.975605878813956906e+01,7.131950982008859796e+01,7.416718985424276411e+01,4.057141885084688937e+01,7.934650354619994062e+01,6.682128673552348630e+01,6.696615117340788004e+01,7.396349070829246841e+01,6.583256006196886290e+01,5.956889741717823483e+01,6.824256446390384667e+01,6.642555219884505391e+01,8.002805004786449672e+01,6.685401389742116862e+01,6.002184298877586599e+01,4.622608835723151799e+01,6.151206776164477930e+01,6.537909905956416878e+01,6.977834697462859026e+01,6.246840143067118589e+01,7.577614775791164448e+01,6.160442752706553904e+01,6.801623077803600381e+01,7.814693428832010014e+00,6.806779436028683961e+01,5.848790817530606745e+01,7.416874734962298987e+01,5.096015287139086780e+01,4.878719276530263471e+01,6.086252511141670851e+01,7.930115380681348825e+01,4.209778324883169631e+01,4.868445791656088062e+01,7.344113016214724610e+01,5.672943484452548546e+01,6.452414678414122307e+01,8.000572149461470417e+01,5.197226010048048295e+01,8.900000000000000000e+01
6.671853678303223489e+01,7.074510942301951388e+01,1.408436653607859235e+01,8.377794118065556006e+01,7.180090649870041375e+01,6.926376754920721623e+01,6.657832792568085267e+01,8.025199647283777438e+01,5.576508814911956335e+01,3.995615365680978925e+01,6.087206363715981894e+01,6.385532854871848230e+01,6.604792531604165617e+01,7.566073553650132055e+01,9.159745289619931441e+01,3.883913216970470472e+01,3.241557658262132691e+01,6.766822153864245593e+01,7.240030661059080330e+01,6.602759921599383119e+01,4.618128160178068242e+01,7.542140532149008436e+01,7.145261874030477145e+01,5.662289643832774999e+01,7.966255844173204537e+01,5.508647055247768520e+01,6.513687696801861193e+01,6.847530019877726204e+01,5.805861562887801597e+01,6.022980977520146695e+01,7.071523356059709897e+01,2.317118556697603537e+01,6.846546710381319656e+01,6.960896614087529599e+01,4.388149143917403450e+01,6.301561729031433146e+01,5.449056471495548948e+01,7.902518596299003661e+01,5.320221585831139066e+01,6.963472618112663781e+01,4.065832929923327299e+01,6.158552398072908574e+01,6.446849047475346595e+01,3.381439644034892922e+01,6.769475300418677932e+01,7.150031368636777529e+01,7.198699314744560240e+01,6.882195238586518826e+01,6.052409409265516871e+01,6.976979677128530000e+01,7.608904230010099923e+01,5.390178591895513449e+01,6.171627411318661416e+01,7.723761127761962086e+01,6.505623208383379108e+01,6.392828426873521863e+01,5.626308603588230284e+01,6.047401073710892661e+01,6.705313649310225799e+01,6.140622654404678826e+01,6.940132478974963703e+01,6.845504050518643169e+01,4.762210951610162368e+01,6.023701124099021342e+01,8.777603174969630828e+00,6.791418103751057345e+01,1.584152519685566851e+01,6.025013454706843419e+01,7.049298864541280807e+01,7.389428654471983293e+01,6.913558367364557000e+01,6.583275826861139990e+01,7.406621105391147353e+01,1.025499577298371179e+01,7.288059883297768238e+01,7.573389269838135363e+01,6.995773734182931491e+01,3.243708977878550570e+01,3.974186375986099762e+01,8.448950343324992218e+01,9.000000000000000000e+01
6.161229917241346499e+01,6.759759567490878851e+01,6.462822373609387228e+01,5.382816580671898521e+01,5.234184301669675676e+01,5.296687883079719228e+01,5.619006655080686130e+01,7.730136359229511811e+01,3.803685262985772653e+01,3.628100027015991547e+00,7.357057455937854229e+01,7.283879648178313460e+01,6.262132193800972857e+01,2.623172726473750416e+01,8.920960328779088400e+01,6.262865318839128292e+01,7.807190782340835256e+01,7.921017877300663201e+01,5.334288528976943411e+01,7.603587202133375911e+01,6.533030013412697201e+01,4.222233189900057226e+01,7.363858356057176024e+01,5.887595448104475082e+01,6.693642459736923911e+01,6.826172454527080902e+01,7.321672122271712624e+01,6.431589708201160249e+01,4.899232694324817317e+01,3.838188295123961069e+01,1.957466852431694804e+01,3.852155277183779702e+01,6.151912480994743504e+01,5.931264882101417868e+01,4.468541515185628299e+01,5.867170213268379797e+01,2.451983288015789597e+01,7.665647210792633359e+01,6.891209413385233518e+01,9.030959889914677774e+01,7.489923928772894612e+01,6.884315653128665247e+01,1.974300473896179753e+01,7.125622351750391203e+01,8.217491085717900035e+01,7.008206661089681688e+01,7.918527081639928156e+01,3.500307734217843603e+01,4.551138545896470333e+01,8.358238695835296994e+01,3.356876915108265802e+00,6.805770626699766979e+01,6.856951312923084174e+01,3.483406526409356019e+01,1.530473434423177714e+01,4.269262927141009101e+01,5.655698550851845852e+01,4.709488865520620493e+01,4.151761807821812766e+01,6.241904841039806939e+01,6.042238293568928498e+01,2.652999138151903225e+01,3.454287613099649690e+01,5.466916548412062582e+01,6.656570000987359492e+01,4.785183643401637710e+01,7.552982639281432853e+01,7.256520922693675857e+01,6.036806812796715604e+01,2.139832160412337458e+01,7.093578144887457881e+01,7.821937108917194337e+01,7.634431657419418116e+01,4.021890814327766606e+01,6.676426691095694821e+01,5.888765922158324173e+01,3.935107884721117699e+01,5.860749678036352606e+01,3.422604605616955809e+01,5.198415745044175651e+01,9.100000000000000000e+01
8.155445253198060129e+01,7.695320091101631022e+01,5.767193896358951122e+01,4.817005896579836843e+01,7.657511370887665691e+01,7.146694937807212966e+01,7.693129064295197850e+01,6.910712798935756496e+01,3.400676211423711948e+01,1.988514524762323177e+01,7.316693231744189063e+01,2.433735046636431321e+01,3.612859918916306867e+01,3.661122086429335099e+01,7.155746516760628140e+01,6.580770506392090624e+01,4.416900817039264382e+01,8.385952080858660906e+01,5.361410844171618351e+01,1.417223939526046195e+01,5.343685861801263570e+01,5.581478105110056021e+01,2.367170182241346410e+01,6.928400098078608949e+01,7.102656421557574618e+01,7.835015600090913779e+01,7.192463371008408046e+01,6.945164326769565832e+01,4.435495977736984230e+01,5.190958512007371439e+01,6.957571619398667906e+01,8.124481118168716876e+01,7.493916150827757860e+01,7.549736843892918614e+01,8.416528323801239253e+01,6.408179243404411807e+01,5.346719579024873781e+01,3.772177656848712957e+01,5.616869238842260614e+01,4.645205455794755522e+01,1.082612279266239774e+01,5.363692357288466184e+01,2.568736695158930416e+01,8.562688636451430568e+01,1.228963740373585800e+01,5.875056795002770116e+01,9.234549415241326642e+01,5.951467340322232680e+00,8.532464635723773938e+01,5.183320690130793551e+00,6.876310453510026832e+01,2.903551681375440729e+00,2.616845365203000284e+01,4.544901289234644537e+01,6.918777936812728058e+01,5.481002615010416434e+01,5.374080826037199898e+01,4.559932235556174618e+01,7.230671947581464565e+01,7.360096001283980627e+01,6.987427895113999909e+01,5.956462055898729346e+00,4.241006033381674456e+01,4.961048279859847554e+01,2.812321215051862566e+01,5.483059345029399623e+01,3.637175633284412157e+01,3.871519983412068200e+01,6.977006716183143453e+01,1.073966354960041336e+01,4.075701646603818773e+01,5.925158196599723937e+01,2.560272412870206438e+01,2.924765300848188687e+01,1.512835116770366461e+01,6.603675319336733196e+01,4.151574268522748667e+01,3.045537574075264686e+01,5.445435785654035854e+00,1.987961315584530197e+01,9.200000000000000000e+01
3.634153897876020523e+01,7.460894148077707655e+01,7.104870137903212424e+01,6.114373599089432076e+01,7.361771149051956797e+01,6.683765821362686665e+01,7.616951295056631466e+01,6.510094541925961664e+01,5.471636464200556560e+01,6.324017870135730135e+01,5.732716002761264917e+01,3.292509237860505067e+01,1.544147701288419761e+01,6.704418245593464576e+01,3.261060825448993228e+01,4.133760389364152843e+01,2.371158832008761408e+01,7.956290514617201381e+01,7.332453428228414793e+01,7.628839457609524288e+01,4.302518885115390646e+01,6.382640122642215630e+01,5.613780466911254052e+01,7.551146376981675701e+01,6.830961083072453732e+01,6.075648998586036242e+01,8.193910137719400666e+01,5.773713613475805317e+01,7.539747392870978615e+01,3.144688890007749293e+01,4.505596360810115186e+01,5.183963626691257076e+01,2.183682446778114183e+01,6.645360176013561215e+01,6.538910260426865761e+01,3.498169867829125934e+01,6.914955282764060485e+01,3.876139626310195752e+01,3.821764578415230318e+01,7.265203036108363222e+01,6.408073037060583488e+01,7.068607940022378955e+01,7.626536355474151208e+01,7.062925588950773204e+01,1.975847092437148333e+01,2.519629605969256758e+01,6.670141867046591244e+01,5.575049747414903578e+01,4.705732591292485267e+01,5.067833539222977635e+01,7.684029189593988463e+01,6.901232755666836738e+01,1.324523770987527804e+01,1.669859750293866441e+01,4.834823946303253450e+01,6.869842012131476849e+01,3.205584116455820265e+01,3.031902410532536862e+01,3.083775121609288306e+01,3.206547521710740511e+01,2.751087863512799458e+01,4.867664465236695293e+01,5.761974293324388441e+01,7.897723058487896353e+00,1.539913332121962419e+01,4.224125195967411628e+01,3.487965977100975579e+01,1.944708786869129824e+01,4.897046469365595556e+01,3.109704314111879953e+01,3.346116035478669914e+01,2.347992481907593998e+01,3.039338074869317197e+01,5.273144672742137118e+01,1.104210173881757129e+01,6.111121376207697864e+01,5.351770859760662802e+01,9.584251374280691849e+00,1.436288692838170356e+01,6.724404304592694359e+01,9.300000000000000000e+01
5.229117319142319076e+01,7.197858041511136662e+01,7.575663117994083962e+01,6.700816738430270902e+01,6.367140307348498851e+01,5.306586121478824936e+01,1.003293875360639831e+01,3.350097258590007243e+01,6.502665995727252835e+01,6.286575316530971236e+01,5.727896551396485592e+01,5.293010210267827631e+01,6.839017758509511680e+01,2.856011693950934927e+01,5.391631067532271970e+01,1.895455957148061898e+01,3.148344158303770257e+01,1.886850195604926839e+01,4.945639970769027371e+01,8.112362694818649800e+01,5.208396477114420975e+01,7.573508617526128717e+01,6.362734885988367495e+01,5.123893205758458436e+01,1.289070530613573595e+01,7.427487070655119794e+01,2.344635529906560834e+01,5.850422722640484352e+01,5.495084868539874634e+01,6.657817244845739424e+01,4.768320433908047562e+01,4.564281767841595183e+01,7.720910819911838985e+01,2.962314091069687905e+01,6.691117318461296293e+01,8.113692332926115114e+01,2.101720188915038889e+01,7.053591589324975075e+01,8.062096414541282741e+01,7.485706983335889220e+01,6.079086264434034881e+00,6.210152821012612456e+00,2.922541842591306960e+01,2.419115007868431988e+01,1.946152380995922826e+01,4.825999864303359921e+00,5.400349588210188756e+01,7.266751014929066343e+01,8.390565795251512782e+01,7.454602030284982561e+01,6.859713216791593027e+01,7.678066592012191904e+01,7.447927795415758112e+01,6.157038797894842475e+01,5.715431664539123346e+01,6.623408648637810359e+01,3.616451318658694447e+01,6.867475040477451387e+01,6.419929483845531593e+01,4.411868126402450940e+01,5.334233229333010229e+01,1.164196261920207753e+01,6.164941340322950225e+01,5.662294354288328435e+01,6.158883421036207295e+01,4.794418561455889716e+01,4.820338898345787726e+01,6.290637509525257798e+01,2.690902517095882018e+01,6.457752058892553748e+01,5.491559633437782395e+01,5.256412205778156022e+01,7.413955988308487122e+01,6.089174755595393407e+01,4.217269278484429407e+01,5.198760279941697604e+01,5.903832563469398309e+01,3.857963930865577851e+01,1.180641060977039203e+01,3.743006160552236850e+01,9.400000000000000000e+01
4.711341892881129922e+01,7.402761287108418742e+01,4.688253379676574895e+01,3.113118887600820983e+01,8.438717261320881846e+01,7.763968905286341737e+01,5.455323466063313020e+01,6.452903405374769363e+01,2.759733094631941697e+01,7.349936197261062887e+01,6.108044391425551112e+01,9.543215368180010216e+01,2.496725604969992673e+01,5.611681200824930471e+01,5.185347541621182899e+01,4.735356225285705989e+01,4.236028773691946725e+01,5.408162158583905921e+01,6.758756343566672342e+01,7.597687810982907308e+01,5.039803772445006302e+01,5.253532479850294834e+01,7.136959871647256648e+01,7.680122782072321286e+01,5.593112628232750438e+01,7.108601913631657965e+01,7.855943365975720383e+01,5.144486350784615780e+01,6.328778920774306727e+01,1.144454497376978885e+01,5.076247704288373797e+01,1.349263141653609743e+01,8.510220388101998878e+01,6.259727879025864894e+01,5.253863133755798742e+01,7.465724363752993042e+01,3.244056340678211114e+01,5.204111143444310983e+01,4.315354705938626978e+01,5.892270781466996254e+01,5.895401104305889817e+01,8.102777107053506711e+01,5.702784905872441357e+01,2.514250571511603738e+01,8.208382592246921661e+01,2.587144375424493958e+01,3.681314325930669185e+01,5.892118269836083044e+01,5.983470077898882522e+01,7.061776320883647884e+01,2.125579002464806688e+00,6.985642661887889915e+01,5.696878650295098367e+01,3.551788315513628191e+01,6.198818943134811832e+01,7.577894628866937410e+01,4.655586411867248309e+00,4.164408869400163304e+00,4.480157829140915027e+01,5.250340408165603634e+01,6.923624859758528771e+01,5.674257657659180154e+01,2.362539338911381748e+01,5.540837134883251736e+01,6.797195675675203574e+01,1.901887167530275491e+01,2.346986434232503171e+01,3.801249645746180761e+01,1.584380378060653527e+01,2.241273304000971933e+01,5.840297120895276350e+01,9.114919887084436567e+00,6.962530006750796474e+01,4.524289495051068144e+01,6.374511765350350601e+01,5.576885075298950767e+01,4.189899332841246604e+01,6.649137699128706913e+01,4.770328137856217410e+01,4.962218222678540513e+01,9.500000000000000000e+01
1.420636111461488937e+01,5.172028957942691108e+01,7.356655379832943709e+01,5.916671610545321869e+01,6.416825401159049136e+01,4.635694653290668299e+01,5.535739445506040113e+01,5.393794151166719075e+01,3.534313605451277596e+01,5.615705272798714276e+01,6.073959120212246177e+01,6.677354090454993241e+01,5.303191186316188777e+01,2.702000747039449990e+01,8.516413190443687498e+00,8.390482536599314756e+01,7.617308649934658149e+01,5.707092228352929908e+01,4.936974913611191340e+01,5.219866967722673934e+01,4.200417241020306847e+01,1.240409064755094803e+01,7.315900270394061522e+01,8.157854052598489147e+01,5.946274917054561371e+01,5.629046139993466369e+01,5.552185068801533419e+01,4.688715152879762371e+01,8.446704661849540230e+01,8.667497307583926158e+01,4.047031710302688623e+01,8.681584448239459562e+01,3.565566334009427862e+01,5.852724821578631520e+01,6.394406049268167180e+01,6.525461825258211945e+01,5.017235840372789824e+01,5.177857096566241069e+01,6.071193974187266917e+01,5.681214721124410261e+01,5.418750575495717214e+01,3.306373379438811355e+01,4.969435188609456588e+01,5.174919661947282812e+00,7.827509133822833576e+01,4.520092239918557198e+01,7.697478410636411184e+01,5.265465643443673827e+01,6.691195765569484877e+01,7.606928886749601304e+01,7.419660688688603045e+01,1.398136243375137333e+01,6.953169111559300575e+01,5.650665705488774648e+01,1.166712701585716516e+01,2.722849097519333128e+01,3.598023974936923963e+01,4.779170739270725932e+01,5.403016040216934357e+01,7.312785249255578890e+01,4.527273937992271158e+01,5.435540291188217310e+01,4.606635444279581826e+00,5.403792884847073452e+01,5.832517455281818286e+01,5.324046102519125867e+01,6.077775382779068281e+01,1.376868255857250567e+01,3.606611887601056310e+01,1.880290835323045329e+01,5.948595490550272302e+01,7.203956701537961749e+01,1.038902272629777030e+02,7.115635750096912204e+01,4.132362035216669938e+01,5.756254279644592486e+01,2.130208311590223502e+01,6.314730277082551169e+01,7.926830987437992349e+01,8.452087700356564426e+01,9.600000000000000000e+01
1.471591450914996102e+01,2.541659253194917056e+01,6.148097003999431820e+01,5.059645599740679245e+01,6.074957905466913388e+01,9.188748992392756065e+01,4.693268824157593855e+01,5.989060344816723358e+01,5.506134009043284294e+01,6.326556955652268499e+01,5.317669877770602227e+01,6.522639043811777526e+01,6.340813014414517568e+01,6.126246107837962995e+01,6.808061264291922043e+01,5.092145110020221210e+01,7.974221317224370864e+01,7.427197693036724502e+01,2.110054605309270315e+01,3.445995481467804922e+01,7.109456042185563263e+01,5.964706474939658420e+01,8.755990290729941705e+01,4.125518647488421919e+01,8.641075381138185207e+01,6.429845367114930355e+01,1.288322460112684098e+01,9.729117964223503279e+00,6.332221641253533306e+01,3.253644182835348175e+01,1.952681614859000092e+01,2.287330579898085858e+01,4.789841839629992393e+01,7.933826428107276740e+01,8.348115607839876873e+01,2.882180474979666940e+01,1.947213424162536910e+01,2.400875144400155747e+01,3.870279930712339933e+01,6.310890329965712198e+01,4.247259878959681600e+01,5.765258190764040336e+01,6.295155443816724983e+01,1.672468595637607081e+01,3.111043900796860839e+01,1.295105075359683511e+01,1.413377046081778943e+01,4.203706759254475855e+01,1.108707378601855709e+02,3.902209606042032419e+01,4.466738372567110105e+01,2.765222420091804878e+01,4.502032756651279044e+01,4.489226053426133944e+01,2.429844283306730190e+01,5.931178956308208683e+01,7.327907393438874806e+01,4.708007925826274231e+01,3.946629008060583033e+01,2.368821408418016716e+01,3.431453222353996324e+01,2.592725541025354019e+00,5.624704327648755253e+01,6.865679225781930484e+01,7.462041757542814935e+01,2.589242113339743412e+01,7.594055319737354637e+01,5.495136927009145467e+01,4.829228258255275108e+01,6.289128442908236849e+01,6.064149780238774490e+00,7.291078957453729004e+01,1.460426921378785536e+01,4.718973071478726666e+01,6.812161627748264436e+01,6.775679406998382603e+01,6.488616458528990449e+01,1.789700897549036895e+01,5.705115993189247092e+01,2.726731261266464301e+01,9.700000000000000000e+01
5.330918108869411043e+01,6.611625902229214091e+01,6.005994378354323970e+01,6.191185934918545541e+01,6.573947911414623491e+01,5.633020052484543783e+01,5.262695984649531766e+01,5.686491276310700016e+01,2.234628953203489132e+01,5.248907154083332216e+01,4.794499140423285155e+01,5.518367701501155409e+01,5.449624494965950916e+00,6.734718589476457851e+01,7.352265640891359055e+01,5.002397188996827992e+01,1.936283546890227569e+01,7.164954454309237519e+01,7.306737828236681764e+01,3.346794390214505910e+01,3.451439863249492390e+01,4.569769008395522292e+01,6.089757680084694869e+01,7.910573464059950766e+01,2.516148941359282176e+01,9.741569659721869812e+01,3.872191440593946510e+01,6.346692303784553069e+00,1.311592974572593917e+01,1.426645741088058550e+01,5.714551023192271373e+01,5.839084369304001143e+01,6.148141770996949163e+01,2.914673101800990551e+01,7.610278182666882607e+00,2.108943810981672584e+01,3.811822986495817389e+01,2.520079633013264342e+01,7.398747904704229938e+01,7.580133837270404129e+00,7.975146575707714192e+01,1.613199580641720488e+01,2.696060944102541512e+01,2.008395634711584421e+01,7.976579298307967747e+01,5.919308644126253682e+01,6.128633869891669406e+01,4.463080616350706009e+01,3.657014639711597681e+01,6.590376535698976568e+01,2.497901873563458253e+01,6.468875410940076165e+01,3.681954771743372135e+01,5.294968697187518103e+01,5.864044028343535331e+01,7.803644857318158046e+00,3.908339269432043039e+01,3.699627557418277490e+01,8.803130251210846779e+01,6.147079693170963921e+00,2.946195904246424391e+01,1.581623930017803481e+01,3.428884829728970374e+01,2.746913686739629767e+01,8.120155542029442586e+01,7.107007833779009331e+01,2.191359759468561208e+01,4.213723994408269391e+01,1.940224030141445866e+01,6.846849293203214870e+01,6.647506426354802045e+01,7.016227318280724035e+01,6.617791512321039704e+01,5.094909051577081982e+01,3.616694284622888489e+01,5.987641256986767502e+01,3.000764485165619178e+01,2.019204874026223351e+01,5.808504633952028939e+01,5.967898467221130687e+01,9.800000000000000000e+01
8.609955281693120810e+01,7.104613670229680622e+01,7.194254340131674041e+01,6.972189995377360106e+01,5.165643051636641303e+01,4.708113577084968426e+01,4.716830257689181138e+01,6.313518102296485068e+01,8.838530392391207613e+01,2.138546804560504100e+01,6.337871782259049525e+01,1.499838740237365009e+01,6.924879419027269023e+01,7.891883564362132120e+01,8.332965603107400909e+01,2.675210641660154565e+01,6.245986545793100220e+01,2.395642621015553075e+01,2.711118428805468383e+01,7.560721740638858535e+01,9.030917296768553371e+00,3.380802542953293965e+01,7.505037969037726953e+01,7.104337412448209932e+01,1.326831480359727244e+01,6.809112821234990065e+01,3.756373162382977693e+00,2.359566582334143447e+01,1.641184725644656694e+01,1.334086721876411019e+01,4.480200836213394666e+01,3.359351760936588249e+01,7.721621753882341466e+01,4.523835904057037283e+01,3.440838017891255163e+01,5.944265843098130375e+01,1.784218309093525434e+01,6.390393702191730796e+01,6.730605393027421712e+01,7.199378704273564722e+01,8.438114653346755034e+00,2.034819828893079929e+01,6.563636098719462098e+01,6.106312981824888908e+01,2.304491775151746680e+01,8.191075070503661948e+01,4.170955773830107916e+01,4.583329835007037900e+01,4.785035364103164568e+01,6.072553820273905956e+01,6.132455494257303741e+01,6.012847558669054848e+01,2.025364425902620269e+01,4.684271964516238285e+01,5.015007313794008326e+01,1.525605173242900925e+01,6.186301953669011766e+01,4.386729699119329240e+01,7.938429891971151164e+01,6.458075000846646674e+01,1.700687709522140878e+01,3.831314269573418585e+01,5.004024749795119931e+01,5.426878668085736734e+01,6.877966506180128192e+01,1.637715661040164861e+01,6.953484231135922755e+01,3.595423955781996028e+01,5.478365374486389783e+01,3.577205270224389722e+01,2.018065634862865565e+01,1.919030643818476989e+01,4.623264253473744390e+01,2.674354182990301965e+01,7.126463936572510249e+01,8.519810642280400259e+01,3.765980577746492486e+01,7.322176798135721754e+01,7.113637915545639601e+01,3.416501637255561263e+01,9.900000000000000000e+01
3.627178073251716484e+01,5.172874061849866223e+01,7.532331292467715400e+01,1.401637508130919407e+01,2.185309381920265182e+01,2.108658108736408465e+01,8.373256155058615491e+01,4.168657638893842687e+01,6.175926010901959273e+01,7.307043473729881100e+01,5.043433643261231225e+01,7.511353280756992490e+01,5.927064744550928310e+01,6.518681463463171610e+01,2.308755046213236906e+00,1.039025439452720434e+01,3.681477002210535687e+01,6.816856136100992103e+01,6.094813043283008369e+01,1.431607144797354891e+01,7.043990997675466303e+01,3.125755267115090064e+01,6.510338120856518174e+01,4.139480870197719042e+01,4.846708222330630633e+01,2.576495679500380831e+01,1.956670661268812239e+01,2.390530000953622292e+01,2.713119561869279295e+01,7.099100855419624168e+01,1.863591414287072823e+01,5.061021286967068278e+01,3.030271645752995724e+01,3.623939964768873523e+01,6.559186872542380797e+01,1.649550213800463894e+01,7.625817138048893717e+00,6.181377387299141191e+01,6.188170682558456548e+01,1.140861037371614017e+01,1.575598318938719089e+01,3.865830763467895537e+01,1.351770439884637476e+01,5.071006811771938771e+01,3.845354497221993029e+01,1.129716881314598531e+01,4.737667115048491695e+01,6.986387578179484592e+01,2.087638706822635015e+01,1.143428476131965610e+01,3.407054773673886672e+01,3.146372989808153164e+01,3.291163044518653180e+01,8.363593647033027878e+01,1.178172841923715097e+01,2.351510000032883596e+01,4.133104520531563075e+00,5.488869786968182751e+01,7.709349184278599409e+01,1.011277588743742939e+01,5.019099388743848777e+01,6.851432467355247802e+00,5.529501699199667542e+01,6.014754785045924024e+01,4.475811664651943289e+01,5.685979583500586898e+01,3.142349088714698535e+00,1.185316638016126234e+01,1.219694958517930239e+01,6.843805914155431935e+01,7.024093096448518736e+01,5.807056163206165422e+01,6.567299342294583653e+01,3.253556306311215707e+01,2.073045438635057280e+01,9.804972642545104478e+00,1.756007092482848719e+01,3.139943704951571490e+01,6.300616787104257099e+01,7.950200743577514828e+00,1.000000000000000000e+02
7.568906163632593120e+01,4.739249355087935811e+01,2.732003326010267941e+01,7.003007924248902327e+01,6.023180383921923919e+01,5.296665377177986045e+01,1.858751331997031642e+01,7.069562113550306037e+01,8.439026496832863700e+01,1.866297100672284515e+01,8.971449500003831190e+01,5.484851019886441037e+01,4.759811743197082734e+01,7.389240549189501905e+01,3.068804738860422532e+01,1.005014196040710672e+01,9.110276023197734219e+01,8.736671234968891042e+01,7.304123476960930361e+01,1.065958214218133371e+01,7.267838046800562779e+01,4.753534556066799155e+01,2.065942813075867690e+01,4.484889448866227468e+01,7.182712912109060710e+01,1.734267001789044027e+00,1.062332926837196645e+01,4.336551182334985555e+01,3.619341052156941174e+01,5.070061340828200258e+00,7.989794855420944941e+01,6.717028421991810205e+01,4.154820650941329774e+01,6.634926862389323787e+01,5.053326272761178473e+01,4.210736376009680271e+01,8.936579176960840698e+00,4.967983917891644552e+01,2.265721848851986309e+01,7.040523159095559436e+01,5.740452244588126263e+01,7.222779268283363763e+01,2.260533887521622276e+01,7.402458360977102814e+01,1.240278009692006123e+01,3.976708455499129258e+01,4.842474474171307008e+01,9.050231341929882944e+01,2.131741162875982809e+01,3.112466396997843532e+01,6.729086700926065134e+01,2.423888970356883377e+01,1.550431631661186849e+01,5.987499703754006752e+00,7.826368336929067482e+01,2.620348468157085975e+01,9.917809966978692771e+00,1.926177996333949949e+01,1.645961435460660027e+01,5.354413150417791201e+01,2.223662602261350330e+01,1.171458417009520758e+01,1.916892687452773103e+01,5.730032352235099324e+01,1.436601078134493115e+01,3.646244411114153650e+01,2.484884885314527381e+01,5.762548303577573527e+00,4.570963245719625689e+01,7.060595887643938973e+00,4.700059873286334522e+01,5.806271662256954613e+01,1.675234571539590078e+01,6.661150810835688674e+01,3.969666311527223002e+01,5.145927061683986636e+01,4.989667691781706438e+00,7.761431808877269134e+01,3.859818706985559800e+01,5.067282194745600776e+01,1.010000000000000000e+02
9.029069758132182244e+01,1.557417550942009399e+01,5.834048016634560696e+01,6.993196433677479718e+01,5.557981075699306928e+01,7.304842443161561505e+01,9.389220252756990703e+01,1.010179693289694214e+01,5.250744839146720011e+01,9.075007877928059941e+01,7.490831017558767257e+01,6.040828018151144363e+01,7.841612960881752770e+01,5.476357596049887633e+01,5.759123917973595042e+01,3.401138427214992532e+01,7.825606788856865137e+01,1.180109855581329548e+01,7.236841036301031238e+01,1.889075239039081922e+01,7.891037393420587875e+01,2.600870468297562965e+01,8.711501652887939429e+01,6.555690190001396900e+01,4.226840465014394965e+01,4.379388440731290899e+01,7.076824764806642065e+01,2.164434340439410676e+01,5.225699363692227450e+01,6.501835473554818634e+01,3.049629695077771530e+01,4.932632640397147838e+01,6.667441432582376137e+01,7.009219244026375861e+01,6.830245500595275132e+01,9.764332041961292674e+00,1.940488685378576506e+01,6.445203593665256392e+01,5.340892317488909669e+01,6.430875969408435822e+01,2.815523376765561281e+01,7.096303779171245196e+01,1.358273471046486769e+01,6.273702622325963318e+01,3.992952609960872223e+01,2.613852887748665665e+01,3.353828075971519951e+01,2.905858258066349720e+01,2.365813732134747482e+01,7.835810027980204495e+01,3.472871453168020395e+01,5.968564921523849165e+01,2.341558544277654264e+01,5.900253815583395323e+01,7.033854543915451529e+01,7.495633312640184620e+00,1.341833383186955153e+01,5.845605420906255034e+01,6.680302458748447236e+01,1.860522877850522150e+01,2.706103958584251501e+01,5.631865082348195983e+01,1.480057323667705482e+01,2.142453232937552698e+01,4.324413728096886445e+01,1.008397722626917670e+01,4.312751582575459253e+01,1.307982488888213446e+01,3.018716021793414139e+00,7.905635239508799650e+00,1.569731386240157711e+01,1.547082654392867163e+01,6.357704055334453130e+01,4.974735237689253609e+01,1.218635783746030654e+01,5.826880067202262126e+01,1.664573093704145634e+01,5.905730708959689323e+00,2.752279249257256311e+01,3.461360328057288882e+01,1.020000000000000000e+02
5.893184373096651285e+01,1.325515054498037948e+01,4.088522610017250969e+01,5.127404859370859214e+01,5.583040515313749808e+01,6.828383257220640701e+01,5.775513314131897857e+01,1.022731852570733579e+01,8.765428563991318356e+01,7.756482869592093721e+01,2.605645316399982647e+01,8.500976702133040419e+01,3.450878265334841899e+01,5.247871119599378886e+01,7.745450748773056660e+01,7.881263432898857957e+01,5.211244497515895091e+01,6.399669620921114443e+01,6.111540147296332037e+01,7.374980439338655458e+01,4.499885463127107244e+01,3.523928160485689887e+01,5.755852362524598220e+01,3.933026026885102766e+01,1.389619899419754923e+01,3.055400608839850207e+01,4.514714529377840790e+00,2.770763881635939896e+01,6.900531457021989468e+01,1.833222729486479352e+01,6.526677676036580067e+01,3.866556627121800460e+01,3.323184446171096340e+01,3.971391545757376917e+01,1.004025786114838752e+02,3.692451456093251494e+01,1.981849907781224118e+01,1.696849991271102809e+01,7.501327397379149886e+01,3.715908741079137911e+01,5.419663247642173332e+01,5.858044748342293673e+01,1.458211494228480376e+01,5.274708106559293697e+01,7.496828442576916984e+01,4.669340515609445674e+01,3.120797620735153544e+01,3.665435906284404410e+01,1.960801312089725101e+01,1.064021580689838942e+01,7.153853049021330435e+01,7.847263664761949542e+01,5.967155306043315122e+00,4.333897917340765815e+01,3.961027319879278963e+01,6.612766964740364983e+01,2.584617028869976707e+01,4.372148390319013345e+01,3.951882158012125501e+00,2.307537745220886549e+01,3.453844245996567253e+01,1.925987554867337437e+01,2.671955327290094218e+01,3.818416680592781631e+01,4.790690014092280791e+01,5.080876511089079628e+01,4.277213377886667445e+01,3.334300794844297400e+01,1.387967750686268253e+01,5.978496558687295703e+01,2.680254425256089235e+01,3.788464235352984844e+01,4.861411805165197819e+01,5.981958998052912335e+01,3.546747086165114382e+01,1.927317392281159059e+01,5.013152954960145991e+01,2.935945562820971233e+01,1.038016553483652338e+01,4.173138320621931996e+01,1.030000000000000000e+02
1.615694532505169434e+01,6.508115061760589981e+01,4.598117982100447421e+01,5.304535987554275778e+01,1.137947944069830086e+01,1.084839851031468783e+02,6.238668630850956021e+01,4.355632158749690674e+00,5.134547364226678923e+01,3.690338885648960598e+01,3.066668369025927277e+01,5.598340078688832477e+01,2.338566500134426462e+01,4.788492922751229486e+01,5.724702039115507546e+01,5.926674506927323449e+00,5.082319364295754838e+01,8.238453119515224898e+01,4.903659624699563579e+01,7.050468920203708478e+01,2.119015981200306342e+01,5.316032913758303380e+01,4.098768041007006957e+01,6.503326954864597553e+01,6.208013843479126592e+01,6.140765550050198129e+01,7.267750065109690460e+00,4.042849332252745853e+01,5.453434614684746151e+01,2.236076375631897761e+01,9.801878801333996805e+00,4.893848250338791672e+01,3.992045449730090212e+01,1.052284262112360480e+01,7.181802281515098230e+01,5.189258306780753394e+00,1.458879040104558378e+01,9.550288505773105285e+00,1.016852418575527572e+01,5.069360382010179933e+01,6.831127269062369223e+00,4.270573346744114929e+01,4.060485900181315344e+01,4.274856765924042890e+01,5.041512794814104126e+01,8.448289412246648311e+00,4.338976175243212197e+01,6.673834328702007213e+01,3.835360165189070614e+01,1.837806392533710209e+01,5.883944307256220441e+01,5.172790679149255944e+00,4.023511107579899715e+01,2.142526451977236235e+01,3.170146652528059761e+01,1.717721615770481236e+01,1.238753883696254121e+01,1.866633782954912135e+01,6.962649058375481559e+01,6.284195077253131245e+01,4.790312995076426006e+01,6.026282556099167742e+00,4.010504947390099062e+01,1.907568084834908007e+01,1.837862433900565051e+01,4.176647541420364007e+01,3.722609112158626488e+01,2.711649834999064623e+01,1.891123491834548886e+01,6.423710549480472309e+01,2.323567912675794744e+01,1.082769392444005518e+01,4.157901565612673522e+01,3.862863039065602777e+01,1.185110643647317730e+01,3.011785920786941873e+01,5.756824163120561622e+01,1.211961798328513673e+01,1.063570774844015432e+01,5.070556754863438442e+01,1.040000000000000000e+02
3.405253172973942810e+01,4.936994148608231825e+01,7.655648253921401647e+01,6.882487085408328653e+01,1.225016190323368370e+01,6.913829185867557214e+01,6.160470520334321520e+01,2.410163092695574605e+01,7.103651549978802393e+01,5.028782032437938199e+01,6.970259532805681602e+01,3.252006482400116028e+01,2.980308503636770112e+01,4.912016717802831067e+01,3.860070805203128685e+01,4.205726594263662577e+01,8.319236958004326610e+00,3.076214201925602154e+01,6.017918995701448637e+01,3.609681632797597928e+01,5.599156127205740319e+01,4.503648744425410655e+01,8.683654524217029547e+00,5.248935944392857778e+01,2.160019776584716311e+01,2.697775030795456530e+01,3.916798510238295705e+01,3.051631657537393139e+01,1.487771727947393785e+01,1.871724172354245397e+01,5.353815985298565749e+01,9.673579006391255675e+00,4.888078099169254642e+01,2.005500359530540067e+01,2.909500691709123288e+01,1.410000448749766910e+01,6.889143226192705072e+01,5.047361565224357349e+01,1.019568889774140885e+01,2.221076731491926992e+01,1.220786339810610599e+01,3.981394134049619282e+01,5.071326221087160135e+00,3.495993101095339739e+01,4.641498994282824953e+01,2.143312451682615460e+01,5.857121661298702975e+01,1.472548403613251899e+01,7.607527449614071458e+00,1.998651038859797335e+00,2.260089511582350497e+01,2.711839135374387055e+01,1.336087166922273894e+01,3.164911241538466768e+01,1.547791678922912340e+01,2.060475564371017754e+01,2.676210269262784891e+01,7.045365454622968571e+01,1.870728627260023202e+01,4.460240345728232114e+01,5.133960034854172960e+01,1.495719467851600903e+01,5.170195322387335146e+00,2.593329310058730641e+01,6.736557675986894367e+01,2.542236719511423715e+01,1.493357270600391828e+01,1.429380527784149812e+01,5.723637372694666325e+00,7.024552836521236543e+01,2.762245548695059938e+01,4.003209384626600809e+01,3.591842618380918140e+01,7.419874114754589023e+00,3.127396060461453686e+01,9.274750996763508226e+00,4.241661482655568705e+01,3.503943731566621267e+01,4.018972361269947413e+01,7.849190988108868794e+01,1.050000000000000000e+02
7.002271232513601618e+00,4.164049185311020551e+01,3.605401220463968315e+01,6.203977740304840438e+01,4.402224820026889063e+01,3.213881131264070490e+01,5.115642517460633343e+01,2.224583040725627114e+01,5.613843189061937267e+01,2.504206599948084744e+01,5.878554896002710706e+01,6.205538550726313218e+01,4.035962230172506082e+01,2.954334710629482785e+01,4.731272743868730402e+01,8.400702987768751484e+01,6.725435658478204459e+01,2.989656877740522489e+01,3.802764311462900082e+01,7.033593310143494648e+01,6.053905857005676694e+01,2.129725600210240799e+01,1.756392679094695097e+01,3.074005788588774735e+01,5.254664059525014608e+01,2.212023279067749115e+01,3.102227696013967773e+01,5.930025816353064982e+01,3.585531676255580891e+01,2.522281875749126456e+01,5.988721153831856014e+01,6.233826833976381465e+01,6.790987925036513673e+01,9.305305267739653274e+00,2.792814306484194020e+01,3.944767250939774073e+01,2.287453763000348772e+01,1.587074895929514717e+01,2.349784409060897872e+01,2.579820769860253193e+01,6.453629776646698346e+00,3.805962422513282917e+01,1.712710492150164754e+01,2.332500544422595112e+01,1.976620037524004303e+01,7.432433004876372706e+01,4.730079065834583218e+01,2.994854890625796529e+01,2.969365825131060177e+01,4.220087723410675551e+01,1.041560080324791038e+01,7.383964058483013559e+01,3.813756961169600856e+01,1.440476396298054418e+01,2.401616545729408969e+00,1.543007479558197126e+01,5.015902817779209499e+01,3.816712670031702004e+01,2.397263638558467136e+00,3.278168239752825031e+01,4.067918421158456965e+01,3.587564238299157893e+01,1.290888197991068509e+01,8.802666822358514054e+00,1.182186484180846975e+01,1.080684564302740069e+00,2.484802791315028259e+01,5.701409550824786621e+00,2.332446243759231663e+01,6.385730099484537625e+00,4.607983924117485230e+01,4.354826976411186656e+00,3.195637396365264493e+01,1.392383061733761096e+01,9.202828375494801705e+00,8.443412972186139953e+00,1.190951846916477663e+01,1.011584050425943282e+01,1.391567207493920399e+01,1.264384476490536890e+01,1.060000000000000000e+02
5.314030021691797145e+01,1.313850384984955255e+01,5.038252058257618415e+01,3.086688533308358018e+01,6.518283198342416540e+01,6.022618394871205538e+01,4.741065742894900126e+01,3.543575113829471945e+01,5.658677863920463125e+01,5.415478957187663411e+01,2.629495394635916483e+01,5.632127942259594988e+01,2.450071481188841460e+01,2.302682245681108597e+01,5.771825929532572452e+00,4.732294057731858317e+01,2.732147620146126243e+01,2.532371859803286895e+01,6.806001469776560953e+01,3.342730095067198448e+01,1.224711120374986528e+01,3.541948349841353405e+01,2.652688433635078269e+01,3.829590038506889726e+01,3.375693675582625985e+01,1.937119864979194261e+01,4.277496685607120597e+00,3.303037895809719515e+01,3.345557795230352127e+01,1.008576211600755101e+01,1.871698584918394559e+01,5.998055408688419021e+00,6.363032043745094768e+01,2.979361600664671883e+01,3.970994899736761141e+01,2.581160077342399362e+01,1.703633536748840527e+01,2.212856118322255483e+01,4.220059567001435852e+01,1.714872149824827474e+01,4.357009681097100184e+00,1.074459175852643966e+01,2.259821649352103989e+01,4.336460598377395570e+01,6.151455224123753851e+01,1.479500790771890451e+01,1.451247208111847087e+01,5.570337802807560479e+01,2.997026440379557499e+01,2.561521647752080799e+00,3.701602179108277824e+01,3.103614226422490319e+01,1.193773184195317505e+01,3.351586872870244349e+01,1.216199216520305448e+01,2.629014460898048711e+01,5.162859377036269848e+01,1.841223582696438399e+01,1.487795639580839513e+01,1.561642904398363463e+01,3.720540478256282313e+01,2.375935511697490909e+01,7.048069479461781306e+00,3.744824651650028358e+01,8.033086518726835834e+01,9.830956446856051301e+00,7.404198080076654698e+00,4.443137552625341868e+01,1.662914242062997516e+01,5.183536354644898481e+00,1.922729413147651201e+01,1.581993720456674168e+01,1.064981155530598755e+01,1.956352015682425716e+01,4.277081367068480233e+01,1.518627547410283540e+01,1.416605206202040002e+01,3.916968321475501824e+01,1.257295525541247905e+01,1.977361605310620263e+01,1.070000000000000000e+02
9.811515340543058628e+00,1.777702188959148799e+01,4.035610319507287613e+01,5.816547657695973328e+01,5.069485113963339984e+01,2.244236015701200770e+01,2.177258762173822149e+01,1.344148404575244982e+01,5.601309841712080129e+01,1.565739289317031435e+01,4.934262614315081663e+01,1.237151071135029312e+01,2.505739931608236759e+01,4.279579007030039861e+01,3.181917789774916372e+01,1.492495337618578510e+01,1.258614498595638587e+01,6.653510460367533597e+01,6.230232689531228374e+01,2.110588767695105261e+01,1.008940141292045212e+01,2.509422342406759299e+01,1.397281890237113799e+01,1.913217594157499590e+01,6.964281840732618889e+01,2.317208189798952489e+01,4.897027010920301393e+01,2.194873361336812323e+01,3.991281635395641558e+01,5.469983968545710695e+01,2.788461474830900144e+01,3.457478589954531856e+01,9.014034377893368699e+00,1.343479331594406823e+01,2.972213676180536979e+01,2.603673252383807579e+01,5.906862357927852258e+01,3.493200055217166522e+01,2.851745924153437173e+01,1.124536671063166438e+01,6.605874198387925844e+01,8.655620415451448224e+00,6.588684577926514407e+00,2.494162222359427972e+01,3.218061203012533156e+01,2.206512656018511365e+01,2.187574966527758136e+01,3.077736488466720033e+01,5.992527565297837810e+01,4.476887642359343999e+00,8.089921932852501385e+00,4.793889340330057536e+00,8.636719447539771721e+00,8.775186864648391349e+01,8.454599179107763263e+00,4.686391568756899062e+01,2.151238585270225556e+01,3.043313048432899137e+01,3.424858347675031212e+01,8.707976339433415092e+00,5.531502710988985427e+01,4.150273610114489031e+01,3.943157689243535913e+01,4.049457909973217085e+01,3.403271488107817078e+01,3.125264400148794053e+01,2.494608848843981264e+01,1.749009415489005903e+01,4.012520043823490568e+01,1.909235633194130344e+01,5.200205472939055795e+01,3.782305248016186994e+01,2.467735416817923877e+01,2.769447107011516707e+01,6.968158430996092001e+00,4.691435401226645041e+01,2.305411742959088883e+01,1.848954049157072888e+01,5.197827492485583178e+01,3.823730569842805238e+01,1.080000000000000000e+02
6.189040668942349299e+01,7.080008199262562130e+01,3.055484939542061795e+01,6.295118660507392860e+01,6.685384611685459788e+01,1.943430079518972775e+01,2.749783490871680769e+01,4.624277525345549122e+01,5.380572649204197688e+01,4.580954927469903026e+01,4.833585363658052358e+01,2.679172778053804649e+01,2.513472118412036593e+01,7.402009909367649243e+00,2.758396212890258781e+01,3.629207927795420119e+01,1.512309697971648248e+01,3.007398736771092018e+01,9.356647738277287019e+00,1.864299656602853617e+01,1.897258258394980857e+01,2.089807342132392520e+01,1.800304438866465873e+01,3.505372080438907290e+01,1.771493744306645368e+01,3.239609184212670101e+01,6.015225934959127585e+01,4.161830218926987612e+01,4.156167593768562796e+01,2.710847989873763453e+01,2.065700873024940165e+01,2.728450758766937057e+01,4.007301169906382654e+01,4.248845333305687255e+00,2.595729676034814659e+01,3.882569680688612124e+01,5.815207409299000574e+01,9.807952985131606738e+00,4.245843475127529842e+01,5.065876425539949324e+00,1.826494211749876939e+01,1.544749734913665939e+01,6.662586178054779396e+01,2.497362986499764759e+01,6.150956933312333064e+01,5.989455150990978360e+00,6.256568789176654155e-01,4.744488451398225237e+01,5.502737529648444337e+01,1.022117865271534143e+01,1.357818098715663169e+01,7.391964874453694101e+00,2.106140817957066957e+01,7.959765912456478532e+01,3.116920383275370909e+01,2.815944332628169633e+01,2.376578365963993278e+01,2.830694224987523100e+01,7.479141388923712164e+00,2.394350713977066647e+01,1.269378107567662539e+01,8.082882486928427923e+00,7.464781552602127590e+01,3.469666190949687490e+01,1.466215198081527404e+01,2.058694871064556864e+01,3.356390704385837154e+01,3.785958445683736073e+00,1.659498429302296074e+01,4.370758605903038330e+00,2.908166982875771467e+01,3.848402966788574986e+01,1.357272923481330906e+01,3.095610380766282788e+01,1.124763550764398445e+01,5.200058576556111234e+01,5.365065283697317611e+00,4.445266234032580854e+01,1.585301423327686976e+01,1.808319707000215715e+01,1.090000000000000000e+02
3.602651272564729368e+01,6.415280596182581974e+01,4.386190666559529205e+01,1.887142899521348838e+01,7.902284407344227191e+01,3.173191523421577642e+01,1.458153073049408910e+01,3.398994982106677298e+01,8.401783758442761041e+00,3.517641371747970425e+01,2.927337476743425881e+01,7.049424235043009901e+01,4.867245719301863716e+01,7.865398644381047966e+00,3.220824623968358935e+01,6.364905152162366875e+01,2.383556434334582619e+01,3.904263167054992323e+01,3.300614115262312964e+01,4.119627263319894439e+01,7.988837547509331216e+01,3.694395508689061103e+01,1.926809110752993703e+01,2.267310390241465967e+01,2.843969284703899447e+01,3.622368146867408001e+01,1.313269056489356679e+01,4.072364959424907838e+00,3.028209522147808386e+01,5.328091058095699850e+01,5.865477320438440501e+01,3.149036067644609815e+01,1.678901150656216856e+01,1.410982183924996036e+01,3.157015238916670086e+01,1.657109952743049419e+01,3.088856249734674364e+01,4.383939324433905682e+01,4.883280184512206290e+01,1.811331995052665889e+01,9.382058435712101740e+00,5.074483721786419466e+01,1.534067238945580769e+01,2.888329212111342059e+01,2.018214868441463850e+01,5.544973921592788457e+01,3.355829558372583676e+01,5.965695922618588298e+01,5.690595581791519209e+01,5.637894823837977043e+01,4.415529311627595632e+01,2.242980378563004606e+01,4.630036898872317153e+01,2.779907538093341657e+01,5.909579339759764594e+01,4.696262844643135281e+01,2.044094306098882541e+01,2.053084621651246877e+01,3.724186822613257419e+01,2.171215702322223606e+01,2.282379657017429864e+01,7.363607596233495478e+00,4.470482940772213709e+01,4.494959762512645085e+01,5.486993546467283522e+01,1.702856676474049635e+01,1.231308354103127911e+01,9.127958263109245962e+00,2.234359892231044142e+01,1.679444070095038555e+01,4.434902980047078103e+01,1.010907005212252052e+01,6.087989057376714896e+01,5.320841745991355509e+01,4.409810461061470122e+00,4.201283008563784449e+01,3.436508731895484203e+01,8.203955124133415211e+01,2.812079068792164449e+01,3.429251596403713620e+01,1.100000000000000000e+02
4.298663750359747127e+01,1.263838336089503045e+01,5.505209730285397285e+01,2.806690817779521652e+01,6.839823370474770847e+00,7.224545826550894390e+01,1.283964680450295326e+01,6.139640906018205868e+01,5.832218136906644190e+01,2.390863923281775172e+01,3.321236476848228847e+01,1.446572753196929462e+01,2.986369090532664572e+01,5.619725218878733841e+01,3.576522020443098171e+01,7.429386564260582304e+01,1.487081044355369031e+01,2.396233361252935623e+01,6.189464103136405271e+01,1.642883141106777245e+01,3.010780961906942110e+01,2.931556066504569102e+01,4.170625416063526814e+01,5.934820518749791063e+01,3.635969566814032561e+01,1.906162924166287453e+01,6.146209424483144090e+01,3.624826699487420001e+01,1.253888306084956383e+01,1.243199204247594025e+01,1.517767687969650581e+01,2.004160231710693552e+01,4.383921009468079433e+01,4.587476355544539075e+01,1.818576105319388958e+01,2.693794905584425692e+01,2.239293208149406667e+01,2.024597674386322765e+01,5.413858604829245280e+01,9.538389380564710862e+00,3.384040072278337874e+01,2.733233073634311694e+01,1.206061079776287848e+01,2.201506668032662706e+00,2.709265519527845356e+01,3.112364226239159315e+00,8.336288259733083805e+01,6.730777930930157638e+00,3.939192543943438807e+01,6.350463710687643726e+01,6.944813396285469231e+00,2.129855025585462691e+00,5.817315587496636020e+00,2.098092160663819783e+01,4.219615932600305541e+00,7.002732856661338268e+00,1.252068141721941785e+01,4.830917112670240243e+01,2.474736189374694817e+01,6.105333597384045419e+01,8.390845055996445367e+00,4.358350022423672243e+01,1.998779943267272685e+01,1.149677889097216621e+01,2.493035994123943766e+01,9.779570917209072789e+00,2.196525304299194303e+01,3.062304195017906849e+01,1.400819170765970334e+01,3.403944102544811301e+01,2.860471610462905545e+01,4.017323706349368706e+01,4.794832129267049226e+01,9.356937090881492836e+00,3.587895332675279292e+01,2.400341754104621828e+01,4.151224979892503342e+01,3.007056810636381883e+01,1.713840278701051645e+01,2.707808813459267583e+01,1.110000000000000000e+02
8.412847882569213454e+00,2.830352926863815100e+01,9.422517073335889393e+00,2.264037581846034897e+01,4.443741317755921472e+01,6.095146861463114618e+01,3.712211076568019763e+01,4.475587250324831956e+01,3.908149705410184538e+01,2.366795239364840953e+01,6.193264440652273350e+01,2.289906610522705321e+01,3.579728495569973035e+01,8.344658570564175193e+01,8.164407778517645653e+00,8.275829395178674019e+01,4.821866780406632103e+01,3.029997410490626208e+01,6.355696113509517886e+01,4.594181679594953494e+01,2.632116619507287680e+01,6.955908134062289605e+01,1.575952739203563446e+01,1.814632304323610157e+01,4.558851513572850678e+00,1.383954161195388544e+01,3.946921897130270196e+01,1.443726909330497321e+01,2.984613120668359798e+01,1.346087599500132548e+01,1.007195942464558236e+01,5.292731561504751880e+01,2.164331649001998770e+01,6.373727033508729534e+01,2.823810160913767220e+01,1.827373145855370495e+01,5.145067542455945642e+01,5.038394100272840603e+01,2.374994391314484332e+01,4.383026134894464576e+01,2.177693878297959174e+01,1.298098721753437346e+01,7.124512717886852897e+01,7.962351189088940906e+00,4.170860480091821643e+01,4.068638246761282318e+01,4.804869487714600496e+01,4.681537190159097861e+01,6.711999974828251503e+00,2.637011222309943648e+01,2.190843912723308406e+01,3.819929249220940193e+01,7.606827580061346339e+01,4.327777983737777845e+01,4.374608833537634212e+01,9.879818667117259423e+00,9.459794960210693660e+00,1.832950321891648571e+01,2.583647923038959249e+01,1.756984232945847424e+01,4.958411135940559156e+00,2.191896571123783133e+01,2.723790668514981306e+01,3.049770959451072372e+01,5.800699001810008326e+01,2.477531015178726648e+01,5.973909144064999310e+01,4.012901311564572637e+01,2.858423972958826553e+01,2.156940240927023211e+01,1.213550096151918289e+01,7.306705259532729713e+01,2.921965477159769975e+01,2.983702690793517576e+01,8.939346554430125380e+00,2.955877596212550884e+01,2.693555605051597723e+01,3.472041482679289004e+01,2.742091581059963445e+01,1.879970528569876720e+01,1.120000000000000000e+02
3.901654415434227019e+01,3.519800147689466030e+01,7.737987279235790083e+01,5.450665598316924587e+01,3.422265339666558503e+01,6.475892927235240393e+01,3.569432171478254645e+01,3.868892941341437819e+01,2.250470674767220913e+01,3.973475200085516690e+01,3.145013089797726735e+01,1.196292723746482345e+01,6.931393993218770788e+01,5.320208759779799834e+01,6.969349161428196737e+01,1.018237240476971373e+01,1.164803712769197652e+01,6.326116094749375662e+01,7.879524431697165987e+00,7.169567614928165256e+01,4.272647086547349460e+01,4.940994356245989039e+00,1.797216884165818485e+01,1.513494020613980595e+01,1.314887803511125952e+01,1.424578914588906464e+01,7.657644174234231826e+00,3.192656453510640446e+01,1.603933074659288138e+01,1.594649736383660965e+01,2.170753448461956481e+01,5.368162189800945328e+01,1.329071273362741756e+01,2.870560745261023428e+01,1.446297161256579500e+01,2.189053748403773980e+01,5.847642523546343085e+01,4.395356211062229335e+01,5.831862816001928351e+00,1.735836130995375015e+01,1.649206197601177593e+01,2.612387539135556480e+01,6.786668014990212328e+01,5.178744225302357052e+01,3.033078679477378614e+01,1.849636614820875735e+01,5.603164547833366527e+01,3.530104295415739557e+01,6.360401389070726452e+01,1.405160078416644254e+01,2.883226473644364418e+01,3.167042839183960368e+01,3.300103703086693230e+01,1.080629051825184206e+01,7.323583781402795978e+00,3.715611505910316481e+01,1.969521110600634373e+01,1.378287233594226713e+01,1.594669140556784548e+01,4.599328198966513526e+01,6.298366905295783624e+01,7.321344474382225087e+01,2.056469005928170724e+00,4.912253087487507486e+01,7.851749476240968306e+00,3.847866672015152290e+01,3.501750641361419270e+01,3.895731048642550576e+01,1.871415800741523938e+01,5.396917746214985101e+01,3.533137844834243424e+01,3.202681797184711598e+01,3.678384175201063044e+01,1.296612216211471846e+01,6.567701182328771381e+01,1.613492080391492678e+01,5.228742899195975014e+01,1.733017407920680242e+01,1.716373142353925374e+01,2.270805274300845777e+00,1.130000000000000000e+02
4.345682391188903182e+01,3.781360584297383554e+01,7.471188201154840947e+00,4.604144522118145488e+01,7.145427917837891130e+01,4.005973671001914482e+01,4.920571433126622907e+01,4.490252256951982446e+01,2.266159135906000444e+01,4.325565381593840897e+01,4.525216463839983305e+01,3.577452140221033972e+01,3.306156577452718892e+01,2.473604032508007577e+01,1.800306624984797921e+01,2.989665186250562456e+01,3.756273667489009682e+01,7.196852002907660051e+01,6.193935183097536878e+01,6.299300031398374955e+01,1.457563483458064191e+01,4.748412109748397825e+01,2.165257874879129929e+01,5.166237949247157957e+01,6.233488456336184669e+01,3.342139276398064851e+01,1.722912223856094016e+01,4.788530997058201422e+01,1.657472236467405224e+01,5.941260640790718384e+01,1.167346065769390862e+01,7.568231749436332478e+00,1.665442234217680095e+01,3.352012670855356902e+01,4.414308647196074986e+01,2.133109220793110161e+00,1.090664175187202645e+01,4.624995507472080192e+01,5.455914065340377483e+00,6.062521037798504153e+01,2.462010761070545684e+01,5.281828801981050958e+01,3.221547829476455149e+01,2.336885402543589407e+01,5.486350684337305239e+01,4.755444357122103582e+01,2.882708392594621927e+01,1.495930584339933134e+01,2.300433280830416649e+01,4.733011610705541017e+01,1.864067927343931430e+01,6.727605755423260447e+00,3.801082247687953952e+01,6.302955218533033843e+01,1.152352461773656067e+01,1.603073344961505242e+01,2.082143264390090920e+01,3.380069671227043671e+01,3.116634167373032938e+01,4.366054471908342549e+01,4.730850105110079085e+01,3.985655807648485194e+01,1.559706919024712590e+01,4.357845566597804776e+01,9.646383214798559536e+00,6.700717083314861711e+00,2.456808840978021991e+01,2.470703494899326458e+01,2.449391680435399010e+01,6.916488485796216423e+01,7.260771660710784658e+01,2.863461000173494497e+01,3.522581341145169631e+01,1.074749384060773849e+01,6.725503908116350260e+01,2.255507887614450269e+01,2.804551622211410944e+01,6.319965400066396910e+01,1.386016058280666030e+01,5.484940180762485085e+01,1.140000000000000000e+02
5.542770899373388716e+01,5.177179629341245004e+01,1.740355432865396068e+01,5.648635996568779127e+00,2.669586299049304756e+01,5.010654911109543264e+01,1.799731349057149288e+01,6.421321496420452490e+01,4.932346214160214792e+00,4.534072374985964160e+00,1.175368014421568219e+01,1.021984498481256942e+01,4.906101597615320742e+01,1.990009463245010934e+01,4.207996744842475323e+01,6.604523113055599026e+01,7.501392187760867358e+00,1.070341338224728744e+01,1.787773883833562749e+01,1.761804390478309301e+01,3.676988166550489723e+01,5.676165441863742167e+00,6.240158103623862473e+01,3.224134141211770554e+01,3.909298667760977253e+01,4.782408796495677450e+01,2.793865081841654785e+01,4.968580901075247880e+01,4.870402840233641939e+01,4.113430867759461762e+01,4.472678228128759059e+01,4.680902624801721146e+01,5.630803984702625797e+01,3.075597645286551796e+01,4.637828529533140198e+01,2.292682219060494830e+01,6.494629011571643673e+01,2.901415768080741131e+01,4.524650378280947649e+01,1.922660878703556619e+01,1.128285091793353878e+01,6.137574694187874513e+01,4.679747066783439102e+00,2.919790785759303731e+01,2.653024614949143967e+01,1.839315795014196908e+01,2.014081679397287061e+01,5.531985118781622468e+00,3.816247520615058875e+01,1.334250537100303546e+01,5.182550269929117803e+01,2.919546042002830522e+00,2.315052472616662627e+01,2.130650322103540262e+01,5.628128542532203404e+00,3.714529241638766877e+01,2.524256006314218226e+01,4.186316549051743863e+01,6.614458004657204349e+00,2.007419968140099797e+01,2.071064513525850614e+01,9.640848057683312433e+00,5.481750005104887435e+01,1.247941567639863791e+01,4.064117130507673181e+01,4.162943951090627337e+01,5.676192699289711641e+01,3.132824821590293496e+01,5.969411606735336306e+01,1.240035317468147547e+01,1.560163764480101101e+01,3.249741192376156107e+01,5.853542608701871330e+01,7.471064718444863750e+00,6.030006575737023411e+01,1.477557920180404061e+01,2.994886271681422230e+01,2.101047309782943984e+01,3.845603343662693874e+01,1.068915601492950351e+01,1.150000000000000000e+02
2.479813613622849644e+01,1.967410601446105645e+01,1.028653275515373267e+01,3.522827056462196538e+01,3.376023985374425607e+00,5.172232823212885933e+01,5.633658834047757580e+01,2.408037906065129619e+01,4.489600046033501002e+01,2.489711204778743436e+01,1.706058010956995474e+01,3.586765304110920738e+01,4.491342405126196979e+01,3.486763744190913883e+01,5.949253745096235058e+00,1.982276357025230595e+01,7.803019055719930819e+00,3.263199427830900845e+01,1.504257442723202409e+01,6.661583104956626755e+01,1.176742967085924185e+01,4.878393579365570787e+01,4.284319883154042685e+01,2.636397967722360036e+01,1.664205749111913235e+01,8.079268917880629886e+01,4.875315481849408172e+01,6.649364059970905316e+01,4.599484462440317856e+01,1.303949640982314762e+01,1.134602817193797542e+01,2.645898908934114502e+01,4.795290354200479044e+01,2.495021501179139989e+01,4.897480573452213548e+01,2.975596999264921649e+01,4.115315426760098205e+01,4.100887720540193726e+01,4.971031538450958465e+00,3.910706233632299700e+01,3.948912707008346246e+01,7.440841521864997254e+00,3.035232986756629359e+01,1.234790947597065980e+01,1.955145331708283152e+01,5.439910561980657633e+01,1.597194298381104360e+01,4.801564876102044366e+01,1.132991464923923530e+01,5.679545295112070846e+01,3.489236317397109843e+01,3.416549725742904542e+01,5.058394466781748378e+01,1.717338827145027835e+01,4.916431952231852165e+01,5.192039253815422484e+01,5.182623416416382156e+01,1.016731250056900748e+01,6.506459157032665530e+01,5.441194499327797729e+01,9.762390265363812603e+00,1.103207589243958608e+01,1.502076395480250071e+01,1.062758610793624214e+01,2.913616545775715494e+00,2.782575396764210751e+01,9.989257332543177270e+00,1.364788941758316199e+01,4.316401907627597723e+01,1.183180469300098991e+01,6.969520321959821629e+00,5.005358356676499909e+01,5.196620923808320747e+00,4.196681824057372268e+01,4.679583427478471691e+01,2.404102944134733733e+01,2.678606724330770206e+01,5.455721223612378168e+01,6.121148721509986679e+00,8.398232365357976903e+00,1.160000000000000000e+02
7.265983820823193184e+01,2.344540177411478510e+01,3.555592562333607276e+01,1.826590348263921015e+01,2.844928494127951524e+01,1.484010048109793978e+01,6.414607045095224613e+00,3.587752308490353670e+01,5.160252229791839618e+00,3.890034105724160440e+01,2.672273191880626442e+01,1.715373816731377232e+01,3.166468142499277150e+01,8.806261066082791800e+00,4.253868397702584048e+01,7.227629075772611600e+00,1.499570210325925146e+01,4.827825008455108957e+01,1.665826680999326115e+01,3.451453086605310716e+01,1.854799416984215910e+01,5.413901188735385972e+01,4.559875744595473179e+00,2.952625662691552222e+01,1.308190640648942882e+01,8.299688698563002731e+00,8.269704386015396480e+00,9.155135021993816125e+00,4.028497368067168338e+01,6.718875704080500100e+01,1.658940057335617979e+01,2.795569846481413379e+00,4.404226836806143552e+01,1.071349348734282536e+01,2.508039289393150284e+01,8.970231155343736162e+00,6.356589702744035897e+00,3.182665587340720137e+01,4.286979858106038321e+00,3.314971898460321142e+01,3.236548333084443385e+01,2.619459314105606396e+01,4.418146222821991387e+01,5.682740557402203763e+01,4.329257110621816906e+01,5.346456330818439540e+01,3.039342885383031767e+00,2.323467547152487711e+01,3.255237650499929192e+00,4.306699776809766433e+01,3.794725604334774971e+01,1.861973247616805338e+01,7.390072646930093470e+00,3.995966064921603333e+01,2.267865904518510334e+00,4.194387989703939468e+01,8.009314334065338770e+00,4.684105777574798424e+01,1.076725970376973507e+01,1.700889989208318553e+01,2.109444596753602497e+01,3.683982607487600802e+01,1.356286326741046899e+01,1.159946967107897642e+01,9.457021674975528924e+00,3.393302219920530405e+01,1.725360527399390165e+01,9.052391697756220879e+00,2.604994120964606452e+01,1.716204222103636567e+01,1.806463350722961536e+01,2.828461703926613779e+01,2.341844036216491887e+01,2.923544400066301208e+01,1.482303533240114923e+01,3.429867644987554343e+01,4.019255051492152120e+01,3.047640421169126412e+01,6.059253803757720824e+00,3.121391321532397711e+01,1.170000000000000000e+02
4.644709513392878364e+01,2.571423169021866784e+01,5.335605947845242980e+01,9.935787287993393946e+00,1.409249153575602875e+01,3.417957795693533996e+01,2.671608072871880779e+01,3.594754913877977742e+01,5.877386283766171005e+01,7.213724180014018827e+00,4.949940953906934027e+01,3.477607867608508485e+01,5.264548995620079275e+00,4.618568141754358258e+00,5.340550622840461870e+01,2.319023210034645643e+01,6.252445172659850670e+01,1.655224969447315342e+00,4.962259646599287777e+01,2.372932244753826225e+01,1.557518442381358703e+01,3.665612402463145969e+01,5.535345211820126821e+01,1.312514957522699355e+01,3.634522831931571574e+01,2.348427801798047909e+01,1.749895524170499783e+01,5.733254408172222583e+01,2.538295096374170612e+01,5.207617288203513084e+01,3.437671956699097109e+01,2.953522112139690492e+01,8.550752138500206101e+00,1.821405188000767694e+01,6.320360789350152331e+00,4.036353796935858718e+00,2.192101419593900502e+01,3.472571754358532559e+01,2.107686555600801981e+01,1.673395548668171884e+01,3.738476988256520173e+01,4.270407545541818450e+01,1.692949587851602189e+01,5.485859272210037219e+00,1.648752843464448503e+01,4.276204764231691513e+01,4.949882485592682002e+01,2.582786092788132848e+01,2.257840121740366079e+00,3.482820571862568926e+01,2.655416654070537064e+01,1.009567231603581838e+01,1.134014378291890601e+01,1.396071230263382468e+01,1.080989520991376374e+01,2.065014204035130874e+01,2.459347935012920416e+01,2.832501124377111523e+01,2.712116524830191366e+01,1.174553076877055346e+01,3.158149334150954601e+01,1.256058305840377720e+01,3.165758959891334001e+01,1.025938718492040636e+01,2.903137033864327066e+01,2.047099670351546408e+01,2.504957955704864148e+01,9.156375269885366208e+00,3.179986695098318883e+00,1.212038141128969038e+01,3.902102376016527785e+01,5.237803978389986526e+01,3.211223040337029744e+01,1.331152170134881274e+01,1.106359440714023101e+01,1.294367270776750267e+01,4.216418726358508451e+00,4.147254964630647578e+01,1.602627879480970918e+01,3.251596159261521279e+01,1.180000000000000000e+02
4.452461508348952179e+01,1.320261376911577500e+01,1.138109541524151958e+01,3.961672241832683028e+01,5.000863308921462469e+00,5.626847835832062827e+01,2.125225230516598884e+01,9.727067483749884502e+00,8.361779883255954005e+00,2.238717461136730336e+01,1.514235453011898258e+01,8.810950302295054826e+00,1.672160620065141856e+01,5.763611509566251101e+01,1.946934888777501627e+01,1.515664375027021471e+01,3.087258852262342401e+01,1.300769066252794204e+01,1.378866342265619949e+01,3.327692753109264601e+01,4.425927255847489761e+01,1.795439837907709801e+01,3.340201489459442996e+01,7.901603306397502635e+00,4.010739151264318991e+01,3.752853945167775862e+01,9.434837375463747122e+00,5.226818161300998611e+01,1.030210676675498149e+01,7.046924449967206350e+00,1.546616595064074495e+01,6.245998925611246477e+00,2.111804293563085722e+01,5.566578460098966730e+01,4.431158507485157116e+01,9.245815717190641436e+00,6.936877456738717740e+01,1.564598017298052390e+01,8.385333256667030355e+01,3.889672589303047801e+01,1.583246659698594705e+01,1.756193238586022431e+01,1.901966228463874842e+01,1.090929913142245056e+01,1.165811395509930115e+01,1.231076593993338264e+01,1.015876349943886048e+01,1.370360282122091000e+01,1.872461893823344781e+01,1.111683852469778522e+01,1.672154987020954664e+01,9.885522729538207543e+00,2.255350530924062724e+01,2.224466975549448478e+01,8.052895036957371744e+00,4.988121479686785165e+01,9.099599986854839173e+00,2.502704335289599058e+01,1.906526890959552034e+01,5.858064380870168897e+00,8.529132710065891132e+00,9.378743345996927161e+00,3.874315187400444227e+00,2.048932888587528112e+01,7.063604953660330921e+00,2.934638144346163102e+01,2.900097053426395632e+01,1.309583243763669103e+01,2.264966284262121121e+01,2.529535926825538183e+01,1.560417651186690868e+01,5.108429314731636595e+01,6.088344560186576437e+00,1.546286129102677975e+01,4.606292900147010982e+01,3.116966735908297093e+00,1.338870239305831511e+01,6.690294596740259614e+00,2.338746708455391854e+01,9.162571891960107351e+00,1.190000000000000000e+02
1.390435564727297724e+01,5.697294322601744199e+01,3.044409104390886256e+01,5.538666347753973440e+01,4.801174683272077637e+00,2.416877684905854196e+01,2.843873544428755906e+01,2.419554510989405216e+01,2.801723123532772419e+01,9.654917200347867379e+00,4.475247632897880834e+01,4.783729783234514343e+01,3.969458882270814115e+01,1.024922324789392114e+01,1.794478666729088800e+01,3.777004070400615632e+01,4.783183777707020745e+00,1.493408511218345858e+01,7.870775618290974940e+00,3.965255673659188318e+01,3.474016978461382621e+01,1.850583572723840575e+01,5.593533337245093939e+00,2.208715715600809304e+01,1.171881869267754084e+01,5.833203491459975965e+01,3.922327461403672544e+01,6.410275210418366676e+00,4.318662455899480612e+00,3.595501570612609754e+01,1.210939154510095861e+01,4.650565070559778036e+01,4.503588149409572594e+01,1.061382220777387353e+01,1.052830813666032483e+01,6.000583435207480676e+01,2.259034796240415144e+00,5.900664224043154604e+00,2.014985898055725855e+01,3.994160963103531969e+01,2.903897365802235342e+01,7.600800058362577438e+00,1.265283178931021801e+01,3.322634885841874830e+00,3.106487331676920505e+01,1.612941112757557960e+01,2.563585006410813705e+01,5.161865300064386020e+01,4.599595904582250228e+01,3.410259629937704062e+01,2.438101943354327972e+01,1.153840638166282950e+01,1.974401580203840112e+01,3.235433855371226031e+01,1.714526625196813470e+01,2.420881592518994907e+01,2.877106342614098367e+01,2.279999503805181860e+01,4.106948759523397285e+01,7.024680721428835817e+00,1.712683927485557334e+01,8.858086841270569778e+00,8.114322831673353775e+00,7.230524229847099527e+00,2.232701268647933546e+01,3.110226215783068682e+01,5.518477179032306879e+01,1.007844029912980233e+01,3.813111897031877362e+01,1.520785847321364903e+00,2.021092977122796341e+01,9.962846521448039283e+00,5.026743193086960559e+01,4.428989444972407874e+00,2.957593028690768122e+01,2.510217329107907602e+01,3.044495718281039487e+01,3.532169548442699636e+01,1.770378491753812611e+01,4.227884854456168284e+01,1.200000000000000000e+02
3.592220653021735099e+00,4.209786691937409842e+00,4.118124466063237321e+01,5.007568996348425827e+01,6.140360616706789898e+01,3.984773837840344868e+01,1.488055662823468950e+01,1.553575607921220936e+01,3.591669452846658572e+01,7.136092906152385673e+00,1.172874093010704399e+01,4.660337653081932707e+00,5.470178646064827177e+01,1.941770986623519590e+01,3.349751821151196296e+00,1.813118466051173883e+01,5.756335808644622354e+00,8.939334057204323614e+00,1.409358124315877170e+01,5.126823300751944856e+01,4.890407521906371358e+01,3.085004422999058349e+01,7.479660998619991119e+00,4.107776162409490617e+00,4.345678477675456719e+01,1.089911172282834251e+01,3.581080413141274477e+01,9.584982890276632972e+00,2.110200238091235292e+01,5.407039910173968345e+00,4.272662149523667097e+01,3.955413413211071116e+01,7.801345527655590217e+01,2.387981942988796646e+01,4.935069259935630015e+01,5.618706991366529024e+01,4.950636943110323784e+01,1.382096169317033407e+01,4.836500366131499362e+01,2.254151584696321109e+01,4.155571954050868300e+01,2.644809529568161111e+01,1.335338372861211020e+01,2.305417310083469395e+00,1.721725275824014290e+01,3.134894608204207245e+01,4.749139989243835736e+00,1.261207205091601757e+01,6.673452747124792417e+00,2.060862174160121896e+01,8.147619584411517124e+00,1.883854849395973474e+01,6.702438630278183318e+00,9.112097254821154735e+00,1.335427358979001511e+01,7.786550709868686582e+00,3.334928769093943313e+00,7.539826616682000271e+00,1.923147834145759205e+01,2.884835840987641120e+00,2.202698972687170098e+01,1.689810731248043396e+01,5.542247242105223570e+00,2.300706867940249012e+01,5.003694316505780648e+01,3.647164512920199542e+01,1.815652117295868706e+01,1.162055717004326461e+01,3.566736884071026736e+01,2.084692687112916332e+01,2.268517173240440599e+01,2.011490578304582399e+01,1.017042338070819341e+01,2.539506240732372433e+01,3.047712185627067427e+01,4.428618209148866924e+01,4.171098532958568939e+01,9.492295459428447657e+00,2.122007419462007505e+01,6.113047718039927858e+00,1.210000000000000000e+02
2.769886352124974138e+01,8.336136519052683269e+00,2.982971059001288339e+01,3.116070687481537504e+01,5.297056565956957996e+01,2.422951870937690444e+01,1.258394165329818470e+01,1.484598293187569595e+01,5.958874778399601979e+01,3.192257671234632710e+01,6.331886972767601662e+01,6.121765979389379453e+01,1.556797610289603107e+01,2.482105398871146207e+01,6.359269483721056559e+01,6.093540179102134857e+01,5.214484045996806927e+00,6.337713907280462422e+01,5.287305339972726159e+01,8.198727704141472117e+00,1.195405013889855894e+01,6.046524696980898028e+01,1.110786950861879419e+01,4.136107242620802538e+01,8.865437808991554647e+00,5.694029771570195919e+01,9.212837529526483493e+00,4.952983134115932984e+01,1.676930267363667681e+01,2.957668330249227040e+00,6.490065204613969740e+01,2.473922460144711266e+01,1.930198395277173162e+01,6.906258413316692213e+01,9.095827253115064792e+00,2.369141423084500531e+01,1.002661375041002323e+01,8.646735214566358962e+00,1.155975575393893529e+01,1.176409265512659807e+01,3.786548184852978949e+01,1.700142955461715033e+01,5.451411563458493958e+01,1.185686261395956542e+01,2.174350853427190700e+01,9.565504114802266145e+00,4.135029488530659769e+00,3.722495783338672037e+00,2.011482704797986543e+01,4.159326562500361746e+01,3.956663451715109137e+00,1.326808470599165979e+01,1.089052098263397106e+01,5.460556554504514537e+01,9.773491799631907284e+00,8.413865192108056945e+00,1.146334062523100172e+01,1.361954148145444066e+01,4.621713357788168963e+01,5.529066945462669302e+00,2.373095248781855204e+01,3.355863927515983836e+00,1.375688268069021802e+01,2.946244911773339581e+01,1.616687063514422107e+01,4.517067682157745345e+00,5.595419880779014221e+01,1.403726474340856534e+01,1.248334105258139459e+01,4.323748398893675571e+00,9.887823206759671635e+00,1.275514769282028382e+01,1.019053501560341957e+01,8.207344957591564238e+00,1.168638144675885826e+01,1.265618227698189990e+01,7.501752625424942700e+00,1.620679267060851458e+01,2.004626188673328091e+00,4.666333545525470861e+00,1.220000000000000000e+02
1.832178348156060110e+01,3.296006915691592809e+01,1.929604797948563188e+01,5.277962814960086035e+01,5.451718169153580362e+01,1.532981172271055570e+01,1.479952524291035587e+01,1.277674443006221772e+01,4.159951109935931868e+01,3.641361232323579333e+00,4.777793850481099014e+01,6.111738907580262747e+01,4.643606947536955687e+01,2.381651881786628344e+00,8.908872020702242267e+00,2.200121838414443332e+01,2.743452336869733799e+01,1.323841638417117927e+01,2.684650649199139494e+01,7.234774963453788565e+00,9.660414425927568161e+00,1.470331569242079794e+01,6.423172966971469577e+01,1.035883507045079455e+01,2.794352596748502293e+01,1.590135557038375680e+01,9.798966868143546449e+00,1.792687251870195553e+01,6.523295891098887012e+01,2.322322925531491222e+01,2.770702317043599905e+01,9.931722569477127394e+00,6.119244157947927931e+01,3.284420482837553834e+00,1.918553163637933778e+01,2.770103600036977198e+01,5.567731050723032382e+01,3.134655039117376774e+01,1.790263986463220292e+01,8.310579789821014529e+00,3.415497197841200983e+00,7.718284017142406306e+00,1.934076863955008818e+01,5.862575045179803546e+00,8.317834532476359399e+00,8.295031074040926100e+00,6.481312767700977417e+00,1.351194633936866474e+01,8.983424801203119259e+00,2.064262340988024036e+01,7.270405377160762406e+00,7.496892618978280076e+00,3.166379109588374874e+00,1.681442031915493729e+01,1.161934955107668088e+01,1.159303491310075529e+01,1.622630558251417199e+01,1.728933442436336065e+01,1.036969323921596065e+01,1.384144984123549094e+01,1.062495236908558738e+01,1.638741914866979599e+01,1.689588958568383958e+01,1.772625890044751529e+01,5.649294601743456212e+00,2.647655113555625306e+01,3.515291746061587119e+00,1.575963938130423969e+01,4.040712550416327709e+00,1.062879038562815381e+01,1.998053773077837292e+01,1.576806076830297521e+01,1.216065563389522630e+01,1.790430352919669232e+01,4.313803062024711976e-01,2.367334583416614180e+01,3.539334204123128558e+01,2.073166007934167965e+01,1.355772205385741103e+01,2.742535795189712999e+01,1.230000000000000000e+02
2.775227523562510346e+00,6.470980667978608603e-01,4.110976958094546063e+01,7.985896057489992650e+00,6.107925413537909520e+01,3.234650485314858059e+01,7.299346460534699155e+00,2.083269414014857546e+01,6.140552311167699173e+00,2.048810465257005831e+01,1.407383065801348110e+01,1.303826326013189529e+01,1.845003701907405969e+01,1.037841266275557928e+01,3.205565591069990461e+01,6.767908424061673145e+01,1.099530344218500311e+01,7.551716332552927291e+00,1.292394374092516607e+01,1.218501469629073419e+01,3.650723664826561787e+01,1.323694043962059297e+01,8.067175202476281726e+00,4.830633957409251167e+01,1.048739867832600581e+01,1.141637025339918488e+01,5.636339750747585242e+01,4.003098509780948433e+01,1.060251300285712439e+01,2.856369594867174655e+01,9.146116304194279678e+00,4.276255959810274732e+00,1.388171045928296543e+01,1.041958837679158556e+01,1.174081047510185627e+01,1.815769902621613241e+01,3.456017523148830151e+00,1.019046537531560404e+01,3.103607036891334214e+00,1.119795285332611279e+01,5.530850966252922163e+00,1.697882710138813422e+01,8.261643564276631935e+00,9.519893148167501096e+00,1.159691119811000881e+01,5.344088135904931924e+00,7.717849691713889904e+00,1.125014636349506070e+01,7.727073199696548933e+00,1.517119244836875769e+00,1.953431632541933416e+00,3.159952499145102678e+01,3.642580620963747684e+00,5.492132675170693545e+01,2.622107193954536797e+01,6.697068269327662193e+00,2.456193072293655888e+01,4.477718865320284891e+01,1.018513679033847907e+01,1.292554205263930456e+01,5.604802704540001912e+01,7.962536467401077900e+00,1.087832977549085278e+01,9.067368118975926095e+00,3.327036760038314167e+00,3.567709918306902317e+00,5.751878500694802554e+00,1.166277846151088937e+01,1.323129124979328175e+01,1.787119299982508025e+01,1.059064102210095726e+01,5.403731872422456206e+01,1.307028350084184787e+01,9.063924724245442377e+00,7.772422960907715783e+00,5.452836449541522690e+00,4.064361802884155850e+01,2.458456633010785097e+01,1.344836616458679934e+01,1.407257626479036006e+01,1.240000000000000000e+02
6.211617686735174715e+01,2.710159262360661359e+01,5.924904401720209712e+00,6.504263526718968791e+00,3.706508058760061886e+01,4.673877652547756867e+01,6.035541964022469585e+01,5.688468571591076284e+01,1.160107900132225645e+01,3.389846402222237742e+01,9.691200749567835615e+00,3.771452488302944772e+01,2.687016143812307689e+01,4.233994170471305551e+00,1.451967698848926780e+01,1.840797396152111531e+01,9.294840293895848760e+00,9.302469184448582951e+00,1.759053665715655512e+01,4.049810053301504098e+01,3.076981619058013706e+00,2.890206006507069247e+01,4.960413097378559399e+01,4.102231560275649969e+01,5.585367736591210530e+01,1.373312167307148002e+01,6.362688498305868734e+01,1.420123724570382251e+01,9.866084627690234754e+00,3.761406344549966008e+01,1.771784966178827858e+01,2.231772492703398214e+01,4.961185848346883809e+00,1.880987464797807718e+01,1.070904702730561020e+01,2.606378302662591651e+01,1.306463724557802486e+01,1.134784127844457480e+01,5.734383915226531059e+01,2.759431637670249682e+00,9.359957172302491912e+00,1.599364998082529432e+01,1.984904875054358442e+01,6.501145405883740125e+00,1.225354671632566728e+01,1.362502666001524076e+01,2.487080975770450397e+00,4.790741397932575474e+00,1.076489778309310452e+01,7.975175436104147586e+00,6.278012066149658565e+00,3.142276128281331538e+01,3.369877551728758025e+00,2.679240171885243171e+01,1.320967219883505983e+01,4.216930482870136387e+00,1.369929618372922775e+01,1.188089431676205976e+01,3.966059489185798093e+00,1.309063679647279699e+01,2.852955204821829405e+00,2.369601212631375731e+01,2.367207265870428401e+01,3.329146340357685574e+01,6.657261691767097922e+00,2.056117363242647755e+01,1.325850171723983095e+01,1.161956408463044177e+01,1.301496489382019561e+01,4.248283397574907916e+00,4.711942695621154975e+00,1.562424908352039132e+01,1.560002249530021778e+01,4.099542671123884041e+00,5.847161239626148976e+00,4.339298985890418514e+00,1.615663220231977704e+01,5.829178422102333279e+00,3.854368761317358860e+01,6.110931936689118160e+00,1.250000000000000000e+02
1.822482109655707117e+00,8.449809908843203488e+00,5.478708846062922788e+01,8.610055077064902918e+00,5.044708725496609247e+01,5.419831451527538313e+00,2.362981452421166040e+01,2.174296402857526189e+01,2.594453615783111999e+01,1.443484529151618112e+01,1.679311901552026853e+01,2.310943286328436130e+01,1.496214383058731023e+01,1.354669065271647810e+01,3.773326047159967800e+01,1.145032597437821131e+01,8.403425594430601109e+00,2.669421821184854338e+01,3.497971114177357954e+00,1.242627213553651444e+01,1.591937026234522179e+01,1.487975308438414856e+01,4.660995023577721774e+00,3.099284707342114586e+01,6.669170451006411326e+01,1.507396028485667294e+01,2.678785245513270397e+01,6.453664126836527792e+00,7.299525136286354687e+00,2.114446104599975129e+01,1.535851508946430677e+01,1.095736340211986892e+01,2.297823799561129832e+01,2.446134698916814543e+01,2.167745336743752560e+01,3.719486866526099789e+01,2.052809142169186174e+01,8.979932818960365992e+00,7.321631703559076776e+00,4.288637595620203058e+01,3.340348416599450587e+01,9.174076114243797875e+00,1.446256454830778360e+01,3.073704220702714807e+01,3.270515476968444091e+01,3.349501979379841288e+01,1.342841603462310518e+00,6.295298075983917663e+00,5.083834520849121219e+01,3.403411708345268494e+01,1.415998830719896695e+01,2.789264245935456898e+01,5.044506407393709146e+00,1.077692810592779082e+01,1.633593906388535189e+01,5.130102691974073537e+00,1.266106943496505899e+01,1.125226724942025491e+01,1.825814385415680263e+01,1.966790209412614487e+01,1.195831547683791918e+01,2.239989618464324295e+01,1.191236075206301415e+01,1.880555313753369706e+00,9.310212381494391565e+00,2.246716096587688938e+01,1.796895113093795970e+01,1.054739378979920872e+01,2.876172184548552835e+01,1.108815184821587607e+01,9.326109705916074688e+00,1.206975152765403791e+01,1.474988783284318572e+01,1.322527498071683105e+01,2.706398565257748245e+01,6.191762617128755419e-01,5.165845010512663649e+00,3.541739066791329993e+00,1.754317963911111278e+01,5.935355188095825518e+00,1.260000000000000000e+02
5.963531266368007344e+00,6.088617099583153447e+00,1.560413892563754779e+01,7.779630798344907561e+00,2.029807034192587878e+01,8.491977396514267085e+00,1.047561329885894921e+01,3.598739245487152516e+01,1.164184574818669482e+01,2.655034966707329147e+01,1.139640870922585236e+01,1.045760667841950919e+01,1.831396827638829450e+01,3.526603162519445789e+01,1.353768622018105106e+01,2.534939362733673462e+01,1.287197232116691303e+01,3.541470176074182774e+01,1.171680145849810373e+01,1.225001828199504317e+01,4.121299511181199193e+00,5.405046498492580298e+01,9.472870283899407440e+00,1.426564389258728127e+01,1.497094880331321320e+01,3.567161000960361150e+00,3.103704322444682617e+01,1.698505530136038999e+01,2.439052706510797108e+01,3.707360464731822702e+01,2.312955048257784441e+01,1.775214301365379299e+01,1.208039503595153619e+01,8.549460118736682546e+00,2.342321574999853162e+00,1.195766621278232655e+01,1.673659234870334700e+01,1.457736737721063847e+01,1.610366306920457546e+01,1.227719732014399412e+01,1.326218140484003349e+01,3.129455797280958507e+01,2.764058502096352044e+01,6.359573047216220409e+00,2.396973432732577436e+01,3.852803694983185423e+00,2.198776200214840415e+01,5.726554060740164154e+00,1.635846139721859771e+01,5.147774246504365436e+00,1.671220732768214745e+01,3.463795442367592958e+00,1.711319006959491063e+01,1.430913540715424048e+01,1.092896153351059674e+01,1.541873361885093452e+01,4.304087963637861947e+00,1.016297482812589514e+01,1.579536036583123781e+01,4.044386499190558482e+00,5.665806377671133021e+01,9.556242752958004516e+00,1.093573971205027817e+01,1.275736727595545617e+01,6.345459081580328231e+00,8.079959292221529310e+00,1.205821561589672619e+01,6.608028002771685117e+00,8.057496233873180813e+00,1.597183556386985614e+01,1.813332041216341395e+01,5.882487101870164992e+00,3.769099335942347473e+00,5.985112609202011491e+00,1.228104026231055101e+01,4.568683278047426910e+00,1.694531319143249348e+01,1.455333489843207495e+01,1.446037914878669106e+01,1.718795675486724051e+01,1.270000000000000000e+02
3.044643564191030549e+01,1.452967533150638069e+01,2.447770068394375897e+01,1.649018407077868176e+01,1.325326553534472396e+01,1.089232998788841833e+01,1.144529585839822161e+01,6.648161898278622139e+00,1.355737899399072255e+01,2.615848851589089819e+01,4.208566903285008465e+01,3.612257295792301370e+00,1.009031024412943900e+01,1.368559545184678328e+01,8.037418609533066416e+00,1.215210514901333205e+01,2.007860150521933562e+01,9.238273952290880331e+00,4.542998299619961600e+00,2.257407353574947706e+01,8.479381274922491940e+00,1.459151483070257171e+01,8.813561192062547178e+00,3.257529314448688496e+01,2.226662056876774543e+01,2.875429977482116328e+01,2.252761472064159420e+01,1.193583341993983815e+01,1.059001973366893523e+01,9.455675714158150669e+00,1.947446689871068060e+01,1.561049694681101840e+01,6.570445682570851709e+00,1.333766518850776883e+01,1.129944530347403742e+01,3.955692864955260291e+01,2.153503203058471982e+00,2.368092106963660726e+01,1.488555725724917522e+01,8.146167077218697372e+00,8.837160028002296386e+00,3.895477395889238892e+01,1.082036566641209241e+01,3.135154206911435093e+00,2.044327545546037683e+01,1.278982653763640087e+01,1.970653354385450484e+01,1.569013144147755412e+01,1.363706000779006366e+01,8.637038552621977061e+00,2.385106744361946696e+00,4.961581389501867889e+00,1.225316917124575333e+01,1.588406992228674142e+01,8.931550741253230896e+00,1.440959754230854983e+01,1.855658563345897250e+01,6.797388838227997887e+00,1.061814824877963304e+01,8.531343108193850000e+00,3.562588152112777351e+01,1.463720669062954194e+01,8.701615964574276774e+00,2.818802003574965465e+00,1.733244849769907603e+01,1.968148684588807740e+01,3.640538258386789039e+01,1.052867959816695453e+01,1.685491327070826273e+01,6.684612405049406014e+00,1.267887696306945600e+01,5.819792942095039834e+00,2.422785919312747183e+01,1.876432817108794993e+01,4.805822246360789585e+00,2.191804350565786663e+01,2.535658318617576157e+01,5.589163211588176416e+00,2.381739159886992852e+01,1.789353476946612886e+01,1.280000000000000000e+02
3.277307771869683251e+01,8.331116017399565976e+00,3.783191258946366098e+00,3.827764289681780951e+01,7.894947120689841391e+00,1.389988587104587658e+01,1.309027114482572784e+01,3.051579759199330155e+01,1.468599195058878593e+01,5.032743410868945055e+00,2.787598147416062133e+01,4.777834077245739941e+00,2.302363022135495996e+01,7.258267909708836285e+00,2.127264122341134822e+00,1.448678599378390786e+01,1.552138043298345060e+01,5.735695103060570510e+00,1.446862975743082913e+01,1.838707714214438838e+01,9.459220478085812900e+00,3.098481811878975734e+01,3.806805071137957075e+00,2.808796564086811287e+01,2.111968976970061007e+01,3.544429980975354777e+00,3.910173057293850452e+00,4.215057212175961077e+00,2.277431333668996860e+00,4.678230951179460639e+00,2.213855587912987133e+01,2.231332553773448879e+01,1.150633009966586862e+01,1.299094647288307414e+01,2.620715265235886093e+01,4.790859988487719079e+01,1.804795158445754311e+01,5.594701155453544850e+00,1.080163470707280204e+01,1.757949035884458766e+01,7.397469572285311656e+00,2.344707022843883948e+01,1.643661958336949880e+01,4.888052791760525650e+00,3.466474652674796175e+01,2.053918822700506652e+01,3.048529948465219519e+01,4.713782850030653115e+00,3.717829664329342876e+01,8.126832761790870663e+00,4.939475061117567734e+00,1.288344032883730250e+01,2.042120791242259514e+01,3.027977649306723862e+01,1.349331112991591297e+01,3.522490415981874179e+01,2.706946656497674297e+00,1.483008195402031681e+01,9.061723725728588974e+00,6.063357372531602785e+00,6.091110283986624019e+00,6.577818957420548784e+00,1.494912925559763650e+01,8.211002420206250818e+00,2.088266096688674978e+01,9.068664047901604519e+00,7.171750239048129139e+00,1.077391982219110211e+01,4.636822411990420889e+00,1.136241513122030256e+01,2.055566606399907315e+01,1.968365654572415480e+01,2.531105780479162348e+01,1.219424680354662804e+01,1.596159595745475457e+01,1.296903399890656061e+01,1.483774799833307156e+01,4.841153541473191879e+00,1.011104440708221652e+01,1.244673285150511788e+01,1.290000000000000000e+02
1.161671083309117769e+01,3.074028406000931568e+01,1.459206976927955068e+01,6.880023146868211370e+00,2.587382040777054826e+01,1.350676122360540177e+01,1.165708934244818984e+01,9.543716670654704970e+00,8.053970830777741341e+00,1.393812326587554296e+01,1.294409209595724697e+01,6.854158331524780046e+00,1.391129939665533932e+01,1.232741535358576712e+01,1.562479923828344042e+01,1.544266493662710360e+01,2.835558257203574328e+01,6.642493229935362287e+00,8.602951654466842513e+00,1.125363077427446612e+01,1.272798497112976079e+01,7.390411270176344694e+00,1.861289769809742012e+01,1.238979133443240066e+01,3.171518995288260978e+00,2.941796366598823553e+01,1.648966925798536920e+01,3.938074765005793410e+01,1.075540780776536209e+01,4.852474990805070831e+00,5.203842602750415658e+00,8.816766505635499129e+00,4.636574182662194232e+01,7.009695046412937280e+00,1.732824451131633836e+01,2.299066566342254703e+01,3.693018068044830926e+01,2.693806580413778207e+01,2.780747089393142346e+01,2.089706306756644949e+01,2.807440883498369644e+01,7.327683150815031077e+00,4.957001167989225188e+00,2.386682813511587398e+00,4.824726620471488481e+00,1.326208167068896771e+01,9.154087783532160572e+00,1.766240623461034076e+01,1.928403129727787402e+01,3.004150607789866712e+01,5.379335151241775748e+00,1.372192778208272834e+01,2.424650550878393318e+01,2.115440616919930505e+01,1.876123928509542083e+01,1.350709456741008374e+01,3.130366059865986372e+01,4.993747280093919549e+00,1.536353600858977053e+01,9.087105050260616323e+00,3.408004347396132516e+01,7.982496653584094659e+00,5.244325252439336893e+00,8.196461766843668784e+00,2.359534064329094605e+01,2.210846448213149884e+01,8.767399190493231131e+00,8.176754262069025003e+00,1.977895400877214627e+01,6.464356179402757974e+00,1.764156574497941321e+01,3.784521780887967424e+00,2.353581102405339820e+01,8.005945501021392019e+00,2.050905068120396990e+01,3.576605714614110809e+00,1.321577288808732398e+01,1.237402358022524318e+01,1.039429706309161539e+01,1.575187781986021740e+01,1.300000000000000000e+02
8.349806409865253798e+00,6.437612404619493800e-01,4.137954771605945048e+00,3.013426163460901819e+01,9.346253461809508778e+00,1.066345982839661488e+01,2.086459573135721168e+00,3.262656781848197340e+01,1.154619412004977264e+01,1.029372234761333793e+01,1.402448395511235724e+01,2.018356150297725193e+01,1.208371327711685161e+01,1.107901126755560384e+01,2.077416930810537821e+01,1.177597205642480160e+00,1.884424564385834344e+01,2.208009777887628999e+01,2.925652049895683149e+01,7.585255363439905807e+00,1.534030089768994998e+01,3.432636344882147483e+01,5.319119005574376224e+00,1.645856102590806103e+01,2.664001643984933310e+01,1.779935778840679106e+01,1.105864296603768437e+01,6.261848344341808925e+00,7.277379578746145938e+00,9.722784971493663164e+00,4.189239632961685444e+00,8.496766152868326927e+00,2.051258778543577677e+01,9.172626793550303859e+00,3.704967947989613464e+01,2.922855129780298711e+01,9.255879289286067291e+00,9.420098661615790903e+00,1.628857322680889297e+01,3.412555250801394102e+00,2.117541028906190093e+01,1.873377205240008081e+01,2.847686946391662133e+01,3.452469424187589908e+01,4.927951263677942961e+01,1.171352515421322593e+01,3.881341612947574049e+01,2.093261821813477308e+00,2.310632207204299959e+01,3.767059756442833418e+00,2.818309705094279582e+00,8.772876853661200514e+00,6.324393552601472734e+00,4.179961402833840545e+00,7.111546722764646056e+00,1.519744389153411035e+01,2.129744990588227083e+01,6.576367163766681401e+00,2.727613598586003718e+01,1.187153229281851807e+01,4.258463900615748088e+00,1.729792554538248339e+01,1.502568321320138445e+01,1.621478148695084442e+01,1.178453410136388868e+01,2.781829904204223425e+01,1.421348722594709812e+01,6.021503457295479755e+00,6.452647459394220242e+00,1.411402579599644191e+01,1.924273824387933374e+01,5.328772204509395927e+00,1.374039019891878688e+01,7.572461789638434304e+00,1.096308256880123011e+01,3.679942418196974074e+01,2.514981859747812720e+01,2.154930414441880160e+01,1.897451858474705233e+01,1.092210180670752706e+01,1.310000000000000000e+02
1.168399585037823663e+01,1.517166960764292583e+01,2.494738659311640205e+01,1.039470196134486768e+00,9.312712765495549050e+00,1.849483739414585060e+01,1.725307866469618290e+01,6.951610615677016547e+00,5.564205656010174472e+00,1.260004061075371773e+01,1.493648438191247152e+01,4.974670486979538175e+00,7.188760791600096844e+00,1.826796884667390231e+01,1.985946850827142995e+01,3.688847495586496272e+00,9.855860863543741246e+00,1.072281567907730349e+01,1.271689151728932288e+01,3.157918375664231547e+01,2.307168650752237582e+01,3.976331920027789124e+00,4.026204170309119235e+01,1.850576108645343609e+01,3.367109099123966054e+00,2.112740777073235066e+01,1.133484665106616340e+01,2.622653109408812711e+01,6.878503103559819642e+00,1.812953303410848349e+01,4.407085095946073672e+00,1.314787045045702918e+01,1.548200998567780040e+01,1.044857017155173651e+01,1.386946139691264612e+01,1.566674634021454082e+01,1.031702395621050350e+01,8.200587898142472909e+00,1.803698089192515752e+01,2.137519863147748822e+01,4.049480798269514992e+01,6.955558403854699812e+00,1.915265557224865134e+01,1.719209776099949138e+01,1.234546410273766703e+01,1.404728279247806988e+01,6.912383413837511981e+00,2.136086151697212898e+01,6.299266533361368658e+00,7.951556823736011026e+00,7.367251990373255843e+00,1.339604131590933100e+01,2.118742365717108722e+00,2.739034037209722428e+01,1.595588618168670436e+01,1.394251636329503974e+01,1.215180302825442205e+01,1.251584227069117183e+01,1.326572165824140725e+01,7.669420407621723612e+00,1.384412061656910886e+01,1.111526079163341230e+01,7.798560132779454257e+00,3.800030941840962839e+01,2.464665731671825455e+01,1.517904963316816591e+01,1.171532039392391056e+01,1.588544088602037085e+01,9.780602801912486655e+00,1.523217700818717546e+01,1.032363920524461776e+01,3.986876287539315911e+01,2.885186217788124452e+00,4.394801936589542102e+00,2.433327317718387839e+00,1.051693074411623918e+01,3.074514967282725664e+00,1.650583982626195478e+01,1.263540334992967651e+01,4.096695256637766569e+00,1.320000000000000000e+02
1.445989157896605626e+01,3.102020322277777353e+00,1.054228520691552262e+01,2.092195164188546119e+00,1.860913894802899193e+01,2.429588600016716171e+00,1.647543327680111247e+01,9.841218496669464244e+00,1.393492297263196456e+01,5.149308234256194439e+00,1.205464370008840902e+01,1.181329801090083365e+01,8.477659208041922412e+00,9.200579815939837758e+00,9.744778928538080365e+00,8.419086179971380091e+00,6.704155909338332719e+00,1.219058930514014705e+01,1.123090058627850940e+00,8.840559079861781910e+00,1.188096585420477425e+01,1.555953526372376494e+01,1.448167732144968056e+01,1.015803850068212100e+01,4.392265592888613845e+00,1.857816212714825710e+01,6.022529284979681208e+00,1.024310806009281904e+01,3.467569627045394753e+01,1.787514764676335233e+01,7.950687556120753285e+00,6.615167165251184755e+00,1.654803256413337564e+01,2.626232010578793918e+01,5.805914635170641880e+00,7.500241800079346710e+00,1.180143106058347691e+01,7.146572482155788997e+00,2.533692610296000236e+00,1.989566625488831519e+01,3.509727901087633661e+00,6.488622028079372939e+00,2.981278619960540510e+01,5.068688322580520378e+00,6.211930668269710409e+00,2.224223502021187926e+01,9.261338472275784994e+00,2.061278176796603390e+01,1.557020454747966021e+01,7.456100567717380834e+00,7.024870228046729004e+00,2.077437723532982261e+01,2.090106657221792119e+00,9.278957863026006336e+00,1.931346137439333788e+01,6.831360224540620862e+00,8.912368699827672103e+00,1.271133643383553569e+01,7.175516959159486063e+00,6.552666653169373134e+00,6.087407503053700708e+00,8.710003699337306671e+00,1.389886131428943239e+00,2.824207122751436572e+01,1.538666535894446064e+01,6.643361725349238966e+00,6.685355571717855661e+00,1.063874967487777035e+01,2.229155376163478763e+01,6.755024911222623274e+00,1.138476605711417378e+01,1.060255980120298069e+01,1.327653643340333867e+00,9.544449038555145037e+00,3.668452300107100328e+00,4.634780883102519233e+00,1.110612279343044229e+01,1.056898775613894870e+01,1.235165661815685567e+01,7.836992098364310877e+00,1.330000000000000000e+02
7.367553384424347485e+00,9.192459758445652440e+00,4.731117753344301846e+00,1.546357401545210486e+01,1.272207991428988727e+01,4.829297378574318955e+00,1.722937348983167638e+01,1.490802626613465343e+01,9.784489870874642392e+00,1.267794447169142202e+01,2.413170889438973887e+01,1.361693747859526304e+01,1.196044483964709393e+01,7.277897758932596162e+00,1.634107934089981740e+01,2.240739647204354057e+01,1.663980637495350834e+01,1.857655347788237776e+01,1.199622755082735992e+01,1.562179483541470404e+01,2.051471211201132050e+01,1.977169327685480926e+00,3.340020691707810840e+01,1.529454150367653575e+01,6.250509839417667912e+00,9.935864721235709851e+00,3.731820895722065501e+01,1.135716107604326730e+01,3.332272867653427539e+01,1.847936359551000862e+01,2.947639912600954659e+01,8.854506800877265604e+00,2.175976065961009809e+01,1.084597641144255320e+01,3.993238000921448094e+00,1.712074990166210853e+01,5.278850166174167668e+01,1.874028616392661206e+01,4.782003288803548635e+00,2.245510013397987237e+01,3.354972477004386500e-01,6.610941588883059161e+00,2.107299891515558699e+01,5.280476755875308292e+00,1.410185219741915219e+01,7.541206706836419471e+00,1.862407870737765592e+01,3.463240450212889066e+00,3.366120218084700610e+01,7.056056782582165177e+00,4.817121694281797595e+00,2.074984800846866762e+01,1.673893823222387667e+01,1.204518052554405294e+01,5.988493272592912753e+00,1.042228919702833823e+00,5.808511122502112656e+00,8.893423203664584165e+00,5.547360710342291945e+00,1.128177276033118481e+01,2.558762803627654847e+00,4.053095676682273663e+00,5.073438095850287510e+01,1.008205333095027889e+01,5.103312046601863550e+00,7.682317471320270208e+00,1.252728778697718681e+01,2.012324338180318861e+01,1.035069845573950253e+01,1.568194338913235697e+01,3.088288963928056852e+00,6.048383167766791857e+00,2.190114244725041459e+01,9.330297458740387739e+00,1.249443863200243321e+01,8.583830416724516965e+00,2.000636204294089637e+01,1.415501740579523160e+00,1.122858513521939994e+00,2.900447330423189918e+00,1.340000000000000000e+02
8.301201713374247504e+00,3.864326159587105991e+01,4.325123972118997351e+00,1.576213075746714765e+01,4.052203475541028332e+00,3.685514419017415122e+01,2.799604912238797993e+01,2.157472964650578362e+00,1.391601202056814657e+01,6.008535899424980897e+00,7.234414783522012726e+00,8.366206112314902299e+00,1.217511694427618174e+01,1.824458419650385821e+01,7.261260886409483639e+00,1.102179097321287848e+01,9.740668827498025095e+00,9.914924367599242672e+00,1.372985130318062907e+01,6.874758193291765629e+00,3.316476839310529101e+01,9.087493232400856158e+00,2.525743127522301279e+01,4.405149832817693678e+00,1.492177538912303625e+01,8.007721225980681368e+00,1.035779652210495705e+01,5.455457321272850990e+00,2.616028482663949717e+00,3.199102766728248426e+01,1.330004869131282241e+01,1.078544856774782623e+01,3.261960535617508583e+01,5.339991645289856592e+00,5.356562572651124121e+00,1.375134729762663000e+01,2.181086958435260925e+01,5.474682314133759498e+00,1.153117261233383495e+01,2.783111941493918806e+01,2.130004472268026916e+01,1.861335515636812588e+01,1.025268387078351928e+01,1.052189771614035330e+01,2.198183543230810955e+01,1.350455780555641994e+01,1.139259962110435609e+01,9.542887693159149975e+00,2.331598575857787381e+01,7.425845303962036681e+00,8.975253704871814620e+00,7.067050753390892837e+00,1.976662604792566214e+01,1.929471768144560073e+01,6.748718573019585776e+00,1.725946316512534651e+01,9.981936168585336944e+00,1.440728079773778170e+01,1.285388435708678756e+01,1.191446192617288169e+01,1.304499514919111469e+01,3.419756235559854929e+01,6.616422304108719565e+00,2.515941029236661297e+00,6.430954411925749348e+00,2.637738016784404227e+00,3.177031438991835799e+01,1.054956075400608029e+01,2.988274588684326361e+01,6.788403649680347929e-01,1.793585748622850673e+01,1.344105812565474167e+01,8.749692947053688385e+00,1.479969593122795501e+01,7.259607996349330072e+00,5.581259739468470649e+00,2.013244385762386557e+01,2.429690862721937350e+01,1.829473643224390500e+01,6.789893661635346689e+00,1.350000000000000000e+02
4.240290190499540302e+01,2.921764791279212048e+01,5.316941832454066486e+00,6.370914166024390646e+00,2.089034554380645670e+00,1.712758799201090643e+00,1.063432752749844212e+01,3.016055496223820143e+01,2.559464633249158627e+00,5.005087828063589761e+00,6.211016967391940646e+00,9.521196522252548533e+00,6.230210872495118934e+01,3.599428986483577120e+00,1.797690266720050900e+01,1.909389912690145863e+01,1.045017789355680904e+01,2.411532550203510894e+01,1.884576795763827306e+01,1.269618296601837493e+01,1.544140346793782115e+01,1.663299077763197076e+01,7.125317494253807560e+00,7.097007054295586315e+00,2.798837024871044576e+01,3.340174894925574023e+01,4.102564025946310267e+01,3.843205923272857039e+00,1.264029158851328027e+01,4.443539639557747734e+01,1.732107265743407964e+01,9.671242456022387302e+00,1.934594982799715623e+01,7.134540703366287318e+00,9.431472934370040306e+00,1.434477267762902386e+01,1.291864246061799371e+01,2.631514356783345931e+01,6.403997270427127297e+00,1.638291895853288693e+01,1.964950924832347212e+01,2.057896794466525847e+01,1.398755023116232188e+01,5.481315842209155242e+00,3.002778532549181634e+01,1.778612219479557766e+01,1.274713680118026460e+01,1.840961558881662796e+01,2.691523779960698093e+01,1.704876466252935074e+01,1.059647100385940810e+01,1.834059718799721850e+01,9.310318853263312988e+00,1.343721609306568965e+01,9.123821610914033542e+00,1.985584240453107796e+01,1.647955008846239977e+01,1.469727289992277619e+01,3.093909213068192443e+01,2.485190124657165001e+01,1.278652339700269280e+01,2.269742398055197441e+01,1.179955064294786204e+01,1.178932530596854988e+01,1.627220091061221652e+01,1.319016536071261747e+01,3.685445590255163495e+00,3.464570345329440215e+01,1.801490536148707022e+01,3.094853073536992838e+01,1.034841613388760173e+01,1.239175739086915584e+01,1.932444721590966807e+01,1.014952530284368848e+01,1.522004352849342546e+01,3.775973415168744740e+00,2.361424871843586715e+01,1.750194384056832320e+01,1.057467946393487246e+01,9.839968279156751763e+00,1.360000000000000000e+02
1.289891397053237476e+01,1.429542104642757039e+01,1.048153264652640537e+01,2.547124449451107253e+01,2.624566300876488611e+01,3.601870026852364681e+00,2.817462765219532095e+00,7.921050599169228157e+00,1.273981767986231084e+01,1.726811591305801485e+01,3.485240315630398378e+00,9.182425524155920726e+00,1.369562672842669038e+01,3.318582414717213425e+01,4.482970372341783616e+01,2.084637516898182596e+01,1.132715504647793914e+01,5.380799698663632391e+00,1.218419595824001789e+01,1.189292820949817653e+01,1.466890122985861211e+01,2.374937619712017778e+01,1.752024642272307364e+00,3.267903561283033298e+01,9.517054049110429403e+00,5.321530213786517471e+00,1.783078456642213183e+01,3.602516690369409247e+00,1.418215919011217707e+01,1.098188219507174601e+01,1.355743595284753411e+01,3.741795449908091875e+00,1.325241536778416140e+01,8.437593182641933254e+00,1.659208391066194466e+01,1.454690640728432349e+01,6.232911141294915858e+00,2.192606221246732545e+01,1.180712491282640286e+01,3.526060789398682260e+01,8.022969687266540362e+00,1.229373761570192070e+00,3.555030696100597254e+01,2.227895136517850716e+01,1.712603120312033056e+01,9.270677114430908361e+00,8.549010198377914094e+00,3.565003568772175413e+01,1.874228530061681397e+01,2.747084897554343996e+01,1.997550044081481602e+01,2.343309541348911651e+01,1.736386795552759210e+01,5.849429931931698690e+00,4.837761825590729536e+00,6.150779945535056470e+00,2.888889073550373965e+01,2.324869051615204185e+01,1.619038473061009853e+01,1.602593395322062975e+01,1.044784279361866730e+01,2.372801959027475149e+01,6.877186767219328978e+00,1.668920781328252190e+01,1.906181780922079128e+01,1.223417053342520511e+01,4.397389792745703296e+00,5.603979013401363396e+00,2.802054162153900574e+00,1.649264942795692335e+01,9.574885654901777343e+00,7.038223693629319655e+00,2.237417322251643270e+01,1.284935099881648490e+01,1.332151122437865531e+01,1.566279399295980035e+01,3.307957959222980548e+01,6.597036688621702005e+00,1.533263719659504609e+01,1.120744146304967970e+01,1.370000000000000000e+02
8.533407152949060048e+00,3.601585629914153941e+01,2.579845076295723771e+01,1.276496951400437574e+01,2.175917264548945340e+01,1.966996359253375815e+01,1.201794265936645090e+01,1.462672240959029146e+01,1.698454747711895862e+01,2.368646375239766844e+00,1.927713450719799937e+01,1.556781949329963410e+01,1.798386351944911254e+01,4.457537200462003568e+01,1.435524752048117847e+01,9.983692543972111366e+00,9.228008926720432825e+00,1.725899634467992882e+01,5.194961135965084909e-01,1.139437284304168152e+01,1.492422385379286887e+01,1.350672277817135836e+01,8.890702185172751015e+00,9.862167981237810466e+00,3.102005356868793484e+01,7.851851513388512060e+00,1.205446110538042248e+01,1.700625968797330145e+01,5.583533332839176744e+00,7.072468843400883109e+00,8.288919698575421435e+00,1.633043824659084109e+01,1.307579861221571349e+01,3.171336237456671725e+01,3.928878929776210782e+00,2.575168574263540577e+01,1.626762525492694778e+01,2.287553153295705854e+01,1.333894712831132523e+01,1.280576160202845593e+01,5.682650705418035741e+00,1.428995104209690759e+01,1.099413962657597565e+01,9.998376265768451177e+00,3.961493533120567623e+00,8.280111235581532725e+00,8.694699240416785102e+00,4.410336407201632447e+00,1.277658796253279938e+01,2.034650545279420797e+01,7.337159363181240401e+00,2.013903720038388911e+01,1.597831278338526317e+01,1.829686665729134276e+01,4.856762363353861467e+00,1.520304230520974897e+01,1.173572870239152799e+01,2.469770285704305479e+01,1.856208155234642021e+01,1.468840690884803024e+01,2.687319013147174118e+01,6.884289288537894791e+00,8.336157173429644018e+00,2.055741416526022647e+01,9.585648709312398097e+00,4.317901075305402792e+00,8.846369041050120785e+00,1.094991883721777448e+01,3.134577014196029054e+01,4.306855109095361200e+01,8.519667204126585958e+00,1.464156211648630190e+01,1.749725264883533882e+01,3.649679738226586068e+01,1.309730608112308481e+01,4.719467006070874326e+00,1.883278825390610223e+01,5.807596043518490347e+00,3.350362513720839530e+01,1.340136944837779431e+01,1.380000000000000000e+02
1.452568527629518869e+01,5.152877487184520078e+01,1.402493290876094179e+01,5.295512306506303446e+00,5.068059845891318815e+01,1.411463261536605529e+01,1.052432367031170912e+01,1.689492278600427611e+01,1.911517197633732223e+01,5.417603093857441365e+01,1.247051363169592086e+01,1.404368209936907697e+01,3.439325187424672237e+01,2.732684423673948260e+01,1.855392951054204076e+01,1.499717469346978582e+01,6.316914495901921001e+00,1.288105529215544465e+01,7.233095573033822667e+00,7.802866520831330810e+00,1.193743756360575681e+01,1.495597586511100374e+01,1.781533494808542173e+00,1.043754074888138028e+01,1.953936372705355495e+01,1.163490951958880260e+01,1.532133628442569595e+01,3.189488307477814644e+01,1.762803765577206505e+01,6.469855525017405462e+00,1.754928471803488321e+01,1.008847595852476609e+01,1.155459185260337129e+01,2.303461715313924785e+01,2.202906592558683485e+01,1.522744236487699609e+01,1.404667804865545477e+01,2.649595764001828613e+01,1.517547894445672441e+01,3.603413557337855178e+00,1.304331771689537334e+01,2.012343649256253997e+01,2.079149947448306435e+01,9.732209300159249565e+00,5.388743769287152929e+01,5.229891677681748341e+00,1.313646560032069388e+01,1.559171859924720671e+01,1.227307989936741883e+01,2.330307032066811956e+01,5.546956499069062829e+01,6.950202484933104330e+00,2.084284852346793926e+01,1.322033810002185206e+01,5.525067763806396748e+00,1.190976581712858362e+01,1.343603076920180328e+01,8.185861811216160078e+00,1.652499306197853102e+01,4.665557783786395518e+00,2.820384280590616299e+01,4.528714020662299333e+00,1.352566156065202385e+01,1.044469152761099195e+01,1.935314398090066490e+01,1.756266359816700628e+01,3.078870926630060900e+00,1.661908643491365822e+01,1.765676031060439044e+01,2.954518309319139391e+01,8.987560375102050969e+00,1.862614880334093570e+01,2.478387865860264938e+00,9.391295081249721122e+00,5.324886179618469662e+00,1.530638117795534292e+01,3.556126734899716269e+01,2.501673512245816866e+01,7.469770305415789124e+00,9.797752080467555302e+00,1.390000000000000000e+02
2.318815017309617943e+01,1.563807899280844360e+01,1.237235284924074463e+01,2.924710029679428658e+01,6.792228380973353907e+00,1.173943620213323413e+01,1.496124058444649840e+01,2.007494024097220731e+01,2.354470120637328634e+01,1.180266609876770545e+01,1.694639912402077186e+01,2.789502836913845485e+01,2.427917577565627205e+00,1.225103133844639203e+01,1.821483776123444542e+01,6.089158450707362391e+00,1.057156211820446678e+01,2.299121118126437580e+01,7.695820936754584451e+00,1.175523514797491131e+01,6.465525244332576804e+00,2.648861820784573595e+01,1.009490146366838736e+01,1.905585666861629690e+01,9.835634956949414587e+00,3.089669169345202349e+01,3.322859943944433780e+01,9.608243382306280722e+00,1.014017882176684360e+01,9.354464890006340738e+00,2.358152641438712394e+01,1.442295048505746635e+01,1.990113065715227947e+01,1.035366173253012434e+01,1.106004848926386508e+01,6.742358610787515083e+00,1.796907382324133451e+01,1.093759683189181686e+01,1.170813936462085714e+01,1.086226509648994210e+01,1.621237131693280986e+01,2.154200530922882351e+01,4.018913032706559108e+01,5.085301561689652772e+01,2.314927760595042017e+01,5.291747542413884453e+00,1.011092640744541171e+01,2.058125997538654328e+00,3.724532829947011958e+00,1.818453907020983351e+01,3.065711040535539311e+01,5.919256865468080164e+00,1.777471825468539990e+01,2.111689192276092086e+00,1.266869154226930405e+01,2.424941833731171670e+01,1.058794085332586477e+01,6.217835205101641094e+01,1.954600591652120301e+01,2.137098504374971597e+01,1.952495419659517495e+01,8.704430096263006789e+00,1.531182898459403496e+01,2.077257102570992586e+01,3.083071449934713826e+01,2.796264825341041771e+01,1.016182474569322025e+01,2.299623801793129374e+01,1.082430456395443308e+01,8.559909384144976485e+00,2.163536106772547285e+01,2.777806601518632235e+00,7.167651712454977009e+00,1.550271886120831866e+01,6.088595894465855807e+00,2.822897445887712564e+01,1.995704350123764570e+01,1.017733096394856140e+01,2.256863584733743622e+01,2.572670548358036768e+01,1.400000000000000000e+02
1.232918663082833532e+01,1.174979326334091212e+01,1.033304286094409541e+01,1.874416965475288066e+01,1.670801738042881368e+01,8.242625477371253950e+00,8.165922528085532761e+00,6.796937315594262508e+00,2.581900415782587110e+00,1.028797827316149061e+01,3.114918899789901019e+01,1.087237532130555095e+01,2.537257254950310958e+00,1.876272994362903290e+01,1.441361516058135628e+01,1.173295372534156122e+01,6.081270683191150539e+01,1.299741507803393681e+01,1.590691395264093799e+01,1.026874963151496978e+01,1.936435493439849509e+01,4.257155352035247375e+01,2.678738628172829817e+00,2.458773855593664681e+00,1.047061888095338311e+01,1.480082271119360016e+01,2.783694458778280634e+01,4.586794137474579536e+00,8.711625563172516351e+00,1.893973669594331710e+01,3.222250701044914223e+01,3.353469752684350169e+01,1.190758116320332327e+01,6.424618662767777266e+00,3.411259347098622641e+01,2.213158436646404326e+01,2.417671059726186300e+01,1.035342636837040509e+01,1.030583174683375525e+01,1.996789508310207140e+01,2.320621002237361452e+01,1.708285933820609159e+01,1.512097483011342014e+01,5.433588362625941137e+00,3.547960246739713597e+01,2.143102506683948150e+01,3.168515332301874210e+01,2.221446429130822864e+01,6.284651834287640071e+00,3.174353668016640651e+00,1.186663189574487198e+01,3.451599298779436253e+01,9.655402006576710994e-01,2.093981183623649756e+01,1.925599436499361161e+01,1.810366243003753439e+01,2.785174823154273938e+01,5.067285567274816493e+00,1.888573028113553320e+01,7.504525431000934610e+00,2.532210032473025407e+01,1.110363400616130036e+01,2.007523782171642424e+01,1.004414646141589529e+01,2.156286049163232743e+00,1.317928143183142176e+01,3.472427325572448353e+01,2.319922169155374903e+01,2.710100740789368956e+01,4.321534755291954966e+00,2.186041109602912869e+01,1.587103969242469148e+01,1.021399277873899614e+01,2.039242616431269184e+01,1.013102469895600066e+01,1.072639801681504856e+01,1.659820142283416189e+01,4.141378825835175803e+00,1.306512541317973586e+01,6.414487190717795606e+00,1.410000000000000000e+02
1.902698280547362231e+01,2.357888991499116571e+01,9.655813009415593839e+00,3.223731049656803016e+00,1.205309700151050123e+01,2.310320894099164235e+01,1.779168955290491638e+01,1.757124811829798006e+01,2.320469289449866324e+01,2.138181044991204871e+01,2.465362812815866533e+01,8.974175385450815057e+00,2.874345967368504517e+01,7.599512853422312197e+00,5.876933397551741933e+00,8.829518350189516696e+00,1.919563325322499381e+01,1.914215765535684355e+01,4.180334270758115878e+01,1.472614279063846077e+01,1.166386488399259491e+01,3.649136337328307178e+01,2.134871622286963699e+01,2.647305384006492446e+01,2.561033560237606821e+01,2.550725450865801136e+01,1.565102124743474432e+00,1.378874186771657406e+01,7.725518025556555868e-01,2.108085684291234330e+00,1.254910024352765419e+01,1.087668079819716382e+01,2.802594414717815496e+01,2.644127593628135386e+01,1.786035931074003713e+01,1.450655570500366132e+01,1.081517784625284051e+01,2.972172194040446769e+01,1.213830947682345318e+01,2.472367582393457397e+01,1.445176317908041419e+01,2.176882214986176933e+01,1.228343155188073865e+01,1.709939527649319047e+01,2.165386281755436215e+01,1.712958100300783570e+01,1.326061674239903354e+01,2.010672095983623819e+01,1.059803001090483932e+01,1.441353031319173716e+01,2.262540751208362977e+01,2.263049972722788183e+01,1.525663707207622721e+01,2.926551395071132600e+00,1.103782568495672756e+01,8.452007540491994320e+00,1.192572800255193144e+01,3.299289629808665580e+00,1.817721184824631564e+01,1.084650352583309108e+01,1.275522350397092630e+01,2.126733554831951167e+01,4.607913025895745918e+00,1.481642264978134982e+01,7.063522025465370113e+00,5.640690685593974685e+00,1.737325025732199890e+01,1.173389516510889408e+01,2.572661653294404616e+01,2.563408833891405081e+01,2.388425375727769406e+01,3.843191556844343548e+00,2.014050077827680241e+01,2.043314549567918093e+01,1.572146789189187466e+01,1.762407124319420149e+01,1.333712896144079352e+01,1.025009511201510648e+01,2.611963611397970553e+01,7.800926553918140272e+00,1.420000000000000000e+02
1.194819036852219130e+00,1.237621605690614857e+01,9.678238739110657463e+00,3.148231558571085387e+00,2.763276839611828706e+01,1.092810968590699083e+01,8.755670834369309929e+00,1.138986910973565614e+01,5.218820730154069665e+00,3.445520570347829903e+01,1.988129405839400121e+01,6.396901464371409496e+00,2.721957151070781578e+01,4.020719287181636759e+01,2.160148927491669824e+01,2.506353729581480394e+01,9.578878990727659470e+00,1.793570428626728841e+01,5.686839935932426648e+00,1.561222275434565887e+01,1.610704368567406775e+01,2.376499357747805874e+01,7.960566841366485846e+00,1.256747108258048407e+01,5.798700802544993760e-01,1.309088621400196395e+01,7.888586582899550947e+00,1.188409169406624422e+01,8.672400577203038807e+00,2.421659419700017324e+01,5.734422216876378542e+00,2.677605576783998131e+01,3.935871518075420905e+00,2.743541112473662835e+00,7.532755999179705952e+00,2.768035000592037420e+01,1.005063875788876615e+01,7.585301599420551710e+00,2.216864044912906806e+01,1.856670864777959551e+01,1.264548339001553678e+01,7.838997779390846965e+00,1.613090515414352666e+01,2.801495144590927922e+01,1.801894493464200409e+01,6.244039287989441966e+00,4.326484977324901671e+00,9.935702385491286037e+00,1.280833163859257873e+01,1.399241773930191002e+01,8.546154330312417002e+00,5.715193100920831881e+00,7.079752128148928847e+00,5.888518762141622176e+00,1.049397015007622613e+01,5.848846476274826678e+00,8.086876805015631442e-01,1.066949600881631177e+01,6.576092085720856240e+00,4.749865548458648057e+00,3.075269608220918993e+00,4.843440289105140906e+00,1.410760859844068627e+01,5.164858213202760950e+00,2.456457490877332361e+01,1.369723672735318232e+01,3.836185675768600145e+00,1.000221242762476059e+01,2.939723997922506271e+01,1.821161295979865358e+01,1.067387185984858888e+01,1.184226089136635629e+00,6.083626452078988223e+00,7.794431978218054446e+00,1.211832174158942621e+01,4.939394523411031912e+00,4.272378080321881377e+00,5.851628420899549710e+00,3.474273606737605657e+00,1.113776088474177683e+01,1.430000000000000000e+02
1.775328364981861640e+01,1.193147981005326486e+01,1.188214208839962716e+01,1.029972689811967257e+01,5.562745291876578513e+00,2.338134139076454332e+01,1.915993275329136836e+01,3.005698076846950340e+00,1.531165693999588484e+01,1.044851355382228597e+01,4.295277333222903948e+00,8.435041860251905277e+00,6.208217290103373642e+00,2.392557587895160864e+01,2.477213416364239862e+00,1.862270555153834195e+01,1.250326113613228252e+01,1.298721615998223733e+01,9.544867826135945421e+00,6.011152177383031869e+00,1.757983423556071756e+01,1.375389745280918596e+01,1.936373641192119521e+01,1.754966896882011440e+01,1.013835862417029254e+01,9.894064583288704640e+00,1.218102032764079290e+01,1.675420960194123410e+01,3.709941637733426223e+00,5.233939327529808949e+00,1.577452779369147962e+01,4.285700450538840300e+00,5.414264779275148598e+00,9.580412180063442307e+00,1.482352211373088302e+01,2.239244026163828494e+01,1.473149902671937994e+01,9.772009012248998872e+00,2.726057231631604960e+00,5.583029292113950603e+00,1.663802511627720548e+01,1.267275475095344284e+01,2.747384981575837326e+00,3.372331637852183039e+00,1.572111980301449741e+01,1.444638989970708742e+01,1.419516797998023172e+01,1.332499990725687766e+01,4.509768474356941681e+01,8.592685137989660049e+00,8.005636451371383799e+00,1.034974966435511412e+01,6.846067712723318266e+00,5.678977142188706750e+00,9.688637855177498537e+00,8.032257995128595951e+00,5.910313052625123298e+00,7.910570285676233659e+00,8.608630223814870419e+00,2.529720861735713200e+00,1.677358432059781279e+01,1.011704455508518663e+01,1.695224711437711562e+01,9.384227929780759592e-01,2.141210255962186615e+00,5.857976144188959289e+00,1.012152028342534038e+00,1.066149028698626289e+01,7.763769355073224077e+00,9.793400833977853992e+00,5.959443000010100633e+00,1.187863958000080444e+01,1.758718321939668172e+01,8.855661240727966899e+00,1.133197086682756272e+01,5.437177443652966957e+00,1.092657733372537621e+01,2.305177699068155661e+01,5.053183820561013562e+00,9.409238105475465019e+00,1.440000000000000000e+02
1.158900662646829538e+01,1.404977555804243394e+01,1.317332561266982971e+01,1.676696213621727338e+01,2.232494289390088227e+01,6.074065542481063673e+00,1.113446369803306979e+01,2.009639083713432139e+00,1.423512862485884867e+01,1.128107131539989716e+01,2.578944544771138681e+01,1.039012588317314822e+01,5.649979190373454863e+00,1.484672387394850368e+01,1.705670446912924376e+01,8.485762620818379176e+00,7.372383148150824184e+00,2.160779470200585806e+00,2.644001234623279828e+01,7.435940571231790308e+00,1.913972978486350840e+01,4.620987945307761358e+00,4.309446174318638079e+00,1.127990209367108676e+01,7.348617512205197322e+00,5.006855447807112114e+00,6.770067597641264534e+00,1.187767570294932185e+01,7.252336750869078585e+00,4.445897808733263901e+00,1.255498345126726534e+01,3.137802201560627324e+01,1.427644841780698037e+01,1.407433545365385186e+01,1.205236544963609191e+01,7.271683592967457699e+00,1.194000025969727119e+01,2.258273479162300035e+01,1.292955058916299294e+01,1.280357041112750771e+01,1.316715211137489661e+01,6.034674819591816508e+00,9.529468253655073440e+00,4.238481814998682928e+00,4.882399944657731972e+00,1.274658563047556648e+01,3.461769272259319052e+01,1.576096017590703191e+01,1.813790575771236258e+00,7.107867845954663366e+00,6.440403836369725354e+00,1.075019766957454159e+01,9.622521282415803512e+00,5.023833424690506533e+00,1.553041213482212868e+01,1.344503204378629491e+01,8.139412447477242907e+00,1.602822540326475931e+01,1.864412219527251935e+01,3.482030831166674290e+01,7.276996109206603336e+00,2.280946724658206648e+01,8.710605794089754994e+00,1.606909377300326014e+01,3.602528143068403921e+01,1.566709073356425463e+01,1.095540020554250127e+01,5.216865761906205101e+00,2.445149322720085294e+01,1.396996470224765119e+01,3.763818804827232078e+00,1.901825898310001506e+01,4.548117876810921167e+00,4.483741647931369201e+00,1.657679353236727948e+01,1.242712937114124117e+01,1.979879399556637054e+01,2.770756824312289091e+00,5.777896456889611621e+00,6.999815823646581059e+00,1.450000000000000000e+02
6.645224633913515255e+00,1.130068362842779273e+01,1.525597585192757677e+01,2.160114514820254783e+01,8.351340925185825270e+00,1.150189630918396944e+01,8.400968930914562094e+00,1.087039443682632189e+01,3.192886658254871612e+00,8.349885226019196693e+00,1.249013529473449502e+01,8.322435518722869574e+00,7.504375213706625303e+00,9.646135865493667083e+00,1.558509398084122211e+01,3.556709387408832157e+01,1.010995361767645129e+01,6.953278396796655159e+00,9.033702481630198733e+00,2.012584644761945185e+01,1.238625960036429596e+01,3.705057678645532704e+00,1.776609761394288256e+01,5.999545755835230310e+00,2.932226922978795969e+01,1.304978562512210871e+01,1.166141224796977127e+01,1.599741181555795499e+01,2.326262207764547796e+01,1.172548330670437267e+01,1.981772111686845150e+01,1.794718704422000499e+01,7.552832896100798443e+00,6.884551909941134085e+00,1.839401000677797526e+01,1.461966542004795500e+01,7.822216144341498811e+00,7.172987829344066313e+00,1.855719666151145475e+00,4.636380741532982519e+00,1.035937699252798438e+00,2.693895833636979731e+01,2.748485806733619086e+01,7.240578819098859142e+00,9.699524513012390159e+00,8.263282718667431581e+00,5.783194866759953534e+00,1.234550813388960755e+01,6.475629743590618048e+00,1.113362021266803481e+01,1.209397926231368459e+01,8.078650924684092516e+00,1.644187563062740054e+01,2.459255518681636943e+01,6.937866082602258899e+00,2.676787140438939261e+01,2.315818315656623838e+01,2.138064650182075610e+01,8.861956316133429823e+00,1.602776985739054183e+01,2.449155694130069172e+00,1.055627407612201196e+01,2.774635179559597820e+00,6.580249911694220799e+00,6.157625731228006494e+00,1.695126356700256665e+01,8.554515419164877343e+00,9.085235197610410651e+00,2.266918874547699403e+01,2.320681183209602239e+01,1.107864668596915791e+01,3.787673124104470901e+01,1.104139325487992807e+01,1.470714416740586650e+01,5.843417832022208103e+00,2.248143375114418863e+00,8.817889882236320531e+00,3.697702965542159603e+00,1.401498810381108662e+01,8.239404313387568735e+00,1.460000000000000000e+02
4.321344569457671092e+00,9.769601990478504305e+00,1.840741815441325002e+01,2.654692537400124408e+01,1.786697049375798585e+01,2.059543430684519194e+01,1.655449530221859789e+01,1.156051422009286611e+01,2.469257877607114793e+01,1.237854276660468500e+01,6.987813081993317077e+00,2.461262820925126960e+01,9.784321996308767311e+00,1.636838701302210808e+01,1.047315683580804979e+01,1.691332290905648605e+01,1.015081569944512552e+01,8.764408742783420081e+00,8.628771014546112283e+00,1.057737051262027217e+00,2.865220191230638314e+00,1.154544905897395424e+01,3.947820705944823771e+01,2.761736997339252486e+00,7.603562164870646178e+00,1.734182401824941167e+01,8.172750059225551311e+00,4.862002172652957199e+00,7.025131281395461613e+00,4.760663387018769122e+00,1.032882592743362693e+01,8.306745492404276732e+00,1.987177974588458085e+01,1.017728495274524647e+01,1.012136420847820162e+01,4.280890098683722833e+00,9.862718948726858059e+00,1.238407790561111810e+01,7.091743713187030451e+00,1.650046157356937115e+01,1.558939258632952551e+01,6.335068853954355816e+00,9.140168461378328502e+00,1.982986022042923224e+01,9.528906595786045486e+00,6.730365440417371836e+00,1.354241405693361955e+01,1.763661034922570181e+01,3.010029505232051861e+01,6.977364547812723750e+00,5.727153342696048810e+01,6.531926912211122094e+00,6.653750524587212389e+00,3.105256635347314553e+00,6.092269697528679195e+00,3.567991494287593213e+01,7.929471637467771394e+00,5.985546766308422306e+00,6.429567001687622074e+00,3.248505075876633441e+01,5.054541358762241643e+00,2.083180934577169907e+01,1.668090445363059615e+01,1.079753114594718610e+01,1.671934229868396571e+01,2.128426830208721654e+01,1.361167361808568188e+01,6.920103694284261309e+00,1.913808242992987729e+01,1.297950392123985708e+01,1.708139236058788413e+01,2.974742250179494452e+00,6.075906456992447247e+00,1.904000346299561741e+01,5.233426248411583437e+00,5.010993683094238094e+00,8.088717425998151356e+00,1.549912868258212173e+00,6.213159709708525824e+00,1.300238463143268319e+01,1.470000000000000000e+02
1.311586509246490628e+01,1.405039801150747181e+01,4.615296354443946925e+00,1.911491683740154812e+01,9.722367409177731901e+00,1.866665328998877493e+00,2.038437627431791910e+01,1.924516893515517912e+00,1.852213038838954517e+01,2.576090596917370945e+01,9.914289080294155454e+00,7.776854018269443447e-01,1.455201008053582612e+01,1.328670949933825618e+01,7.704865853743186888e-01,1.143049729897912314e+01,2.663017038557584115e+01,9.961652883106440370e+00,1.268645775650664831e+01,9.233868024833168375e-01,8.258612174354103885e+00,1.747257121723681550e+01,1.690094271833092776e+01,2.103390476652552010e+01,9.442927038856842259e+00,1.799838747276657358e+01,2.421022720168762632e+01,2.392831579429655164e+01,7.457367332242794689e+00,1.051884319341182383e+01,2.237258186937587467e+01,1.690403975132187142e+01,2.504865300459593058e+01,1.480766586221589298e+00,1.373050668710652822e+01,4.605292699527905320e+00,2.260725060559171329e+00,1.225350519852733910e+01,9.318941625725502220e+00,1.533290984609056196e+01,3.710788347987145741e+00,2.344065709117043816e+00,9.516009103530654656e+00,1.884784660930682421e+01,9.913771734235011124e+00,1.432906405867885313e+00,2.026289315628673648e+01,1.139627819798716146e+01,1.141438530366980864e+01,1.407012751513205551e+01,3.795352108164520732e+00,3.149556862393142254e+00,2.125974768647740376e+00,2.288222841794607376e+01,1.062508797097375179e+01,1.779531194482004963e+01,1.827963630643945292e+00,1.053906775195964940e+01,1.134077020777978539e+01,1.115708592244971520e+01,8.248244001012933424e+00,1.178565728977425309e+01,8.537283340328977843e+00,1.902309229943895730e+01,6.727271459034969148e+00,1.913547549652493629e+01,6.315430701767755117e+00,1.047888388000922966e+01,7.910267239400430306e+00,2.474419251247163842e+01,3.796663623656842290e+00,1.003546708942405097e+01,1.238430425863777806e+01,1.405077320686297426e+01,2.518288998274172386e+01,1.446265338418388247e+01,1.330461203276084348e+01,4.880635225603104033e+00,1.647929769912553866e+01,1.791764112212860471e+00,1.480000000000000000e+02
2.045870676669746047e+01,1.091816310962830450e+01,1.628856968011560724e+01,7.005452398710674267e+00,1.414123932365482439e+01,2.727849727169402172e+01,6.261787840358954860e+00,9.267453602952524960e+00,2.362615453570144464e+00,1.890154129526080595e+01,1.306805997847280665e+01,2.869107390710989858e+00,2.684986463632588638e+01,5.298958682081650551e+00,1.872808260194189600e+01,2.755997819774305668e+01,3.063731086523093339e+00,1.110562218829525882e+01,1.059806280004067958e+01,1.171827042234441940e+01,6.307482057013314325e+00,1.710957630447570565e+01,1.215296140941242875e+01,2.775323164643343610e+00,9.063280670752746460e+00,3.233092647891178473e+01,7.694970947560117125e+00,1.006632163297050120e+01,9.595394912512471564e+00,6.481220751449891182e+00,1.009151740166696598e+01,1.414522564228109580e+01,1.271794580428734722e+00,2.625441140241731830e+01,9.031939685463624912e+00,4.401321545265416191e+00,1.495196636135010060e+01,8.571910015590669119e+00,5.080022664356683038e+00,2.380443709852450240e+00,3.953403392144972273e+00,6.977175922006471076e+00,2.198579532988446772e+00,1.465341418996014511e+01,7.618372183038255585e-01,6.051312661770911205e+00,9.238710709058249648e+00,4.109114302683841480e+00,2.076009050832767144e+01,8.495472508220089480e+00,1.550723290528183362e+01,1.258705283525445573e+01,2.232422784375512137e+01,8.582014441814639127e+00,1.093123414819829264e+01,1.902127806262452125e+01,1.434589678468451623e+01,1.333414882939010226e+01,2.166320694906979583e+01,1.338692336242072400e+01,1.061204498702421439e+01,1.497206385256778205e+01,9.306718660279452493e+00,3.686637254908570416e+00,2.098848287826519154e+01,1.376687691724763241e+01,4.840870991793161160e+00,5.895114526558938195e+00,1.541266561256982826e+01,9.626440724122621972e+00,1.103731010786266609e+01,1.674788095430675483e+01,1.132709334619553232e+01,1.701735469060447059e+01,3.069499665427709445e+01,1.282925044591032204e+01,2.144793903019053616e+01,5.981657191794884199e+00,1.422705040633575635e+01,1.469727465022327806e+01,1.490000000000000000e+02
